Gen,Fevals,gbest,Mean Vel.,Mean lbest,Avg. Dist.
1,10,1.82654e+13,0.297136,2.06885e+13,0.828373
2,20,1.51786e+13,0.328984,1.96024e+13,0.666857
3,30,1.38532e+13,0.295597,1.81642e+13,0.650338
4,40,1.38532e+13,0.0703365,1.75871e+13,0.58999
5,50,1.10942e+13,0.197176,1.49547e+13,0.569494
6,60,8.70179e+12,0.17221,1.47082e+13,0.577832
7,70,8.70179e+12,0.171209,1.33992e+13,0.41987
8,80,8.70179e+12,0.0904491,1.31744e+13,0.469547
9,90,8.70179e+12,0.0628985,1.25578e+13,0.471524
10,100,8.70179e+12,0.111701,1.2167e+13,0.402418
11,110,8.70179e+12,0.0591992,1.2167e+13,0.33305
12,120,8.70179e+12,0.15745,1.2035e+13,0.3261
13,130,8.64693e+12,0.0823487,1.12594e+13,0.414196
14,140,8.64693e+12,0.0515864,1.08362e+13,0.399729
15,150,8.64693e+12,0.102632,1.0225e+13,0.473687
16,160,8.64693e+12,0.113367,9.97808e+12,0.448409
17,170,8.08948e+12,0.164939,9.58235e+12,0.34313
18,180,8.08948e+12,0.0379979,9.32836e+12,0.411168
19,190,8.08948e+12,0.0836242,9.19153e+12,0.33195
20,200,8.08948e+12,0.0384833,9.19153e+12,0.304905
21,210,6.74847e+12,0.0732561,9.03014e+12,0.328469
22,220,6.74847e+12,0.0264007,9.03014e+12,0.415482
23,230,6.74847e+12,0.0607364,8.92073e+12,0.469177
24,240,6.74847e+12,0.0624086,8.37335e+12,0.374007
25,250,6.74847e+12,0.0352471,8.37335e+12,0.404122
26,260,6.74847e+12,0.0471274,8.22789e+12,0.375292
27,270,6.74847e+12,0.0626008,7.95154e+12,0.440181
28,280,6.74847e+12,0.0903815,7.95016e+12,0.284546
29,290,6.74847e+12,0.0711856,7.95016e+12,0.392899
30,300,5.69131e+12,0.089066,7.75099e+12,0.339902
31,310,5.69131e+12,0.11565,7.53748e+12,0.366062
32,320,5.69131e+12,0.123868,7.47828e+12,0.302205
33,330,5.69131e+12,0.0998896,7.27875e+12,0.240568
34,340,5.69131e+12,0.102236,7.27875e+12,0.195576
35,350,5.69131e+12,0.128947,7.27875e+12,0.374049
36,360,5.69131e+12,0.0735896,7.2184e+12,0.229939
37,370,5.69131e+12,0.110114,7.20209e+12,0.263942
38,380,5.69131e+12,0.0406419,7.20209e+12,0.304148
39,390,5.69131e+12,0.109062,7.04519e+12,0.298742
40,400,5.69131e+12,0.0586762,7.04519e+12,0.237367
41,410,5.69131e+12,0.0579938,7.04519e+12,0.248217
42,420,5.69131e+12,0.0866309,7.04519e+12,0.3384
43,430,5.69131e+12,0.0450134,7.04519e+12,0.275301
44,440,5.69131e+12,0.0610289,7.04519e+12,0.232852
45,450,5.69131e+12,0.0294313,7.04519e+12,0.306391
46,460,5.69131e+12,0.0516481,7.03436e+12,0.297039
47,470,5.69131e+12,0.0655612,7.03436e+12,0.227849
48,480,5.69131e+12,0.0423082,7.03436e+12,0.280162
49,490,5.69131e+12,0.0646333,7.03436e+12,0.275221
50,500,5.69131e+12,0.0395833,7.03436e+12,0.240883
51,510,5.69131e+12,0.0583535,7.03436e+12,0.295775
52,520,5.69131e+12,0.0580287,7.03436e+12,0.185068
53,530,5.69131e+12,0.0475755,6.97457e+12,0.277914
54,540,5.69131e+12,0.0526113,6.97457e+12,0.220823
55,550,5.69131e+12,0.0874781,6.95059e+12,0.367701
56,560,5.69131e+12,0.0442732,6.92117e+12,0.303742
57,570,5.69131e+12,0.0280606,6.92117e+12,0.257987
58,580,5.69131e+12,0.0219697,6.92117e+12,0.223605
59,590,5.69131e+12,0.0304879,6.92117e+12,0.201638
60,600,5.69131e+12,0.0347444,6.92117e+12,0.379093
61,610,5.69131e+12,0.0438012,6.92117e+12,0.21606
62,620,5.69131e+12,0.0735645,6.92117e+12,0.27616
63,630,5.69131e+12,0.0520593,6.92041e+12,0.281619
64,640,5.69131e+12,0.014797,6.82304e+12,0.220595
65,650,5.69131e+12,0.0793947,6.82304e+12,0.249602
66,660,5.69131e+12,0.0257835,6.82304e+12,0.171333
67,670,5.69131e+12,0.0114829,6.82304e+12,0.338359
68,680,5.69131e+12,0.0902395,6.82304e+12,0.210675
69,690,5.69131e+12,0.0300121,6.82304e+12,0.251291
70,700,5.69131e+12,0.0699501,6.82304e+12,0.238307
71,710,5.69131e+12,0.00707825,6.82304e+12,0.334901
72,720,5.69131e+12,0.0257571,6.81447e+12,0.296135
73,730,5.69131e+12,0.0401793,6.81447e+12,0.294875
74,740,5.69131e+12,0.0686329,6.77206e+12,0.299345
75,750,5.69131e+12,0.0503831,6.77206e+12,0.344737
76,760,5.69131e+12,0.0397478,6.69802e+12,0.269133
77,770,5.69131e+12,0.0634783,6.69802e+12,0.213569
78,780,5.69131e+12,0.0656959,6.69802e+12,0.227283
79,790,5.69131e+12,0.0426694,6.69802e+12,0.226468
80,800,5.69131e+12,0.0215081,6.56098e+12,0.29838
81,810,5.69131e+12,0.0796031,6.56098e+12,0.266875
82,820,5.69131e+12,0.0389382,6.52391e+12,0.185649
83,830,5.69131e+12,0.013807,6.45543e+12,0.353579
84,840,5.69131e+12,0.069364,6.45543e+12,0.222377
85,850,5.69131e+12,0.0442435,6.45543e+12,0.237457
86,860,5.69131e+12,0.00426678,6.45543e+12,0.297615
87,870,5.69131e+12,0.0438338,6.43032e+12,0.291387
88,880,5.69131e+12,0.0881465,6.43032e+12,0.156242
89,890,5.69131e+12,0.120112,6.43032e+12,0.29979
90,900,5.69131e+12,0.0110275,6.43032e+12,0.289383
91,910,5.69131e+12,0.0741053,6.37309e+12,0.217085
92,920,5.69131e+12,0.017152,6.37309e+12,0.183858
93,930,5.69131e+12,0.0177907,6.37309e+12,0.162003
94,940,5.69131e+12,0.0300619,6.37309e+12,0.207138
95,950,5.25689e+12,0.0231757,6.32964e+12,0.237412
96,960,5.25689e+12,0.0407148,6.32964e+12,0.170401
97,970,5.25689e+12,0.020826,6.32964e+12,0.218497
98,980,5.25689e+12,0.101599,6.28936e+12,0.228985
99,990,5.25689e+12,0.0765425,6.28936e+12,0.319204
100,1000,5.25689e+12,0.023974,6.28936e+12,0.223238
