3.40282e+38
3.40282e+38
3.40282e+38
3.40282e+38
4.49141e+12
3.40282e+38
3.40282e+38
3.40282e+38
3.40282e+38
3.40282e+38
3.40282e+38
3.40282e+38
3.40282e+38
3.40282e+38
3.40282e+38
3.40282e+38
3.40282e+38
3.40282e+38
3.40282e+38
3.40282e+38
3.99426e+12
3.40282e+38
3.40282e+38
3.40282e+38
3.40282e+38
3.40282e+38
3.40282e+38
3.40282e+38
3.40282e+38
1.47838e+12
3.40282e+38
3.40282e+38
3.40282e+38
1.71749e+12
3.40282e+38
3.40282e+38
4.50917e+12
3.40282e+38
3.40282e+38
3.40282e+38
3.40282e+38
3.40282e+38
5.68147e+12
3.40282e+38
3.40282e+38
3.40282e+38
3.40282e+38
3.40282e+38
3.40282e+38
3.40282e+38
3.40282e+38
3.40282e+38
5.08545e+12
3.40282e+38
3.40282e+38
4.43328e+12
3.40282e+38
3.40282e+38
3.40282e+38
3.40282e+38
4.53545e+12
3.40282e+38
3.40282e+38
3.40282e+38
3.40282e+38
3.40282e+38
1.71355e+12
3.40282e+38
3.40282e+38
3.40282e+38
3.40282e+38
4.48527e+12
3.40282e+38
3.40282e+38
3.40282e+38
4.51173e+12
3.40282e+38
3.40282e+38
3.40282e+38
3.40282e+38
3.40282e+38
3.40282e+38
3.40282e+38
3.40282e+38
4.58206e+12
4.55585e+12
3.75041e+12
3.40282e+38
3.40282e+38
3.40282e+38
3.40282e+38
3.40282e+38
3.40282e+38
3.40282e+38
3.40282e+38
4.49201e+12
3.40282e+38
3.40282e+38
3.40282e+38
3.40282e+38
3.40282e+38
3.40282e+38
3.40282e+38
3.40282e+38
3.40282e+38
3.40282e+38
3.40282e+38
3.40282e+38
3.40282e+38
3.49055e+12
3.45905e+12
4.44486e+12
3.40282e+38
3.40282e+38
3.40282e+38
3.40282e+38
4.99908e+12
3.40282e+38
4.46441e+12
3.40282e+38
4.41949e+12
5.15764e+12
3.40282e+38
3.40282e+38
3.40282e+38
3.40282e+38
1.76775e+12
3.40282e+38
3.40282e+38
3.40282e+38
3.40282e+38
7.10357e+12
2.17548e+12
3.40282e+38
3.40282e+38
3.40282e+38
3.40282e+38
3.40282e+38
3.40282e+38
3.40282e+38
3.40282e+38
3.40282e+38
3.40282e+38
3.40282e+38
3.40282e+38
4.51924e+12
3.40282e+38
3.40282e+38
3.40282e+38
3.40282e+38
3.40282e+38
3.40282e+38
3.40282e+38
5.24344e+12
3.40282e+38
4.66106e+12
3.40282e+38
3.40282e+38
3.40282e+38
3.40282e+38
3.40282e+38
4.58569e+12
3.40282e+38
3.40282e+38
3.40282e+38
4.48388e+12
1.69508e+12
3.40282e+38
3.40282e+38
4.68853e+12
3.40282e+38
3.40282e+38
3.40282e+38
3.40282e+38
4.46258e+12
3.96174e+12
3.40282e+38
3.40282e+38
3.40282e+38
3.17118e+12
4.88038e+12
3.40282e+38
3.40282e+38
3.40282e+38
4.54515e+12
3.40282e+38
3.40282e+38
3.40282e+38
3.40282e+38
3.40282e+38
3.40282e+38
3.40282e+38
3.40282e+38
3.40282e+38
3.40282e+38
3.40282e+38
3.40282e+38
3.40282e+38
3.40282e+38
3.40282e+38
5.20983e+12
3.52733e+12
3.40282e+38
3.40282e+38
3.99262e+12
3.40282e+38
3.40282e+38
4.82709e+12
3.40282e+38
4.34634e+12
3.40282e+38
4.79653e+12
3.40282e+38
3.40282e+38
3.40282e+38
3.40282e+38
3.40282e+38
3.40282e+38
3.40282e+38
3.40282e+38
3.40282e+38
3.40282e+38
3.40282e+38
3.40282e+38
3.40282e+38
4.48713e+12
1.54971e+12
4.46228e+12
3.40282e+38
3.40282e+38
3.40282e+38
3.40282e+38
6.02235e+12
4.47345e+12
3.40282e+38
3.40282e+38
3.40282e+38
4.60512e+12
4.45412e+12
3.40282e+38
3.40282e+38
4.48438e+12
3.40282e+38
3.40282e+38
3.40282e+38
4.50123e+12
3.40282e+38
3.40282e+38
3.40282e+38
3.40282e+38
3.40282e+38
3.40282e+38
3.40282e+38
3.40282e+38
3.40282e+38
3.40282e+38
6.46131e+12
3.40282e+38
3.40282e+38
3.40282e+38
3.40282e+38
3.40282e+38
3.40282e+38
3.40282e+38
5.81167e+12
 3.0832e+12
4.54349e+12
3.40282e+38
3.40282e+38
3.40282e+38
3.40282e+38
3.40282e+38
3.40282e+38
3.40282e+38
4.67442e+12
3.40282e+38
3.40282e+38
5.00052e+12
3.36071e+12
3.40282e+38
3.40282e+38
3.40282e+38
3.40282e+38
3.40282e+38
3.40282e+38
3.40282e+38
3.40282e+38
3.40282e+38
3.40282e+38
3.40282e+38
3.40282e+38
1.77145e+12
3.40282e+38
3.40282e+38
3.40282e+38
3.40282e+38
3.40282e+38
3.40282e+38
3.40282e+38
3.40282e+38
3.40282e+38
3.40282e+38
3.40282e+38
 5.3012e+12
3.40282e+38
4.48566e+12
3.40282e+38
3.40282e+38
3.40282e+38
3.40282e+38
3.40282e+38
3.40282e+38
3.40282e+38
1.61579e+12
3.40282e+38
3.40282e+38
3.40282e+38
3.40282e+38
5.90241e+12
3.40282e+38
3.40282e+38
3.40282e+38
3.40282e+38
6.40641e+12
3.40282e+38
3.40282e+38
3.40282e+38
4.53382e+12
4.50647e+12
3.40282e+38
4.51006e+12
3.40282e+38
4.84382e+12
3.40282e+38
3.40282e+38
3.40282e+38
3.40282e+38
3.40282e+38
3.40282e+38
3.40282e+38
3.40282e+38
3.40282e+38
3.40282e+38
 5.0326e+12
4.58541e+12
3.40282e+38
2.98631e+12
3.40282e+38
3.40282e+38
3.40282e+38
3.40282e+38
3.40282e+38
3.40282e+38
3.40282e+38
3.40282e+38
5.95085e+12
6.24266e+12
3.40282e+38
3.40282e+38
3.40282e+38
3.40282e+38
4.72693e+12
3.40282e+38
3.40282e+38
3.40282e+38
3.40282e+38
3.40282e+38
3.40282e+38
3.40282e+38
4.47851e+12
3.71321e+12
3.40282e+38
3.40282e+38
3.40282e+38
5.45323e+12
3.40282e+38
3.40282e+38
3.40282e+38
1.51528e+12
3.40282e+38
3.40282e+38
3.40282e+38
3.40282e+38
3.40282e+38
3.40282e+38
3.40282e+38
1.53855e+12
3.40282e+38
6.53434e+12
3.40282e+38
3.40282e+38
3.40282e+38
4.50345e+12
3.40282e+38
3.40282e+38
3.40282e+38
4.40947e+12
3.40282e+38
3.40282e+38
3.40282e+38
3.40282e+38
3.40282e+38
3.40282e+38
4.51515e+12
3.40282e+38
3.40282e+38
3.40282e+38
3.40282e+38
3.40282e+38
3.40282e+38
3.40282e+38
3.40282e+38
4.52743e+12
3.40282e+38
3.40282e+38
3.40282e+38
3.40282e+38
3.40282e+38
3.40282e+38
1.16521e+12
3.40282e+38
3.40282e+38
3.40282e+38
4.49018e+12
3.40282e+38
3.40282e+38
5.57061e+12
3.40282e+38
3.40282e+38
3.40282e+38
3.40282e+38
3.40282e+38
3.40282e+38
3.72018e+12
3.40282e+38
3.40282e+38
3.40282e+38
4.25095e+12
3.40282e+38
3.40282e+38
3.40282e+38
3.40282e+38
4.49545e+12
4.53312e+12
3.40282e+38
3.40282e+38
3.40282e+38
3.40282e+38
3.40282e+38
3.40282e+38
3.40282e+38
3.40282e+38
3.40282e+38
4.74247e+12
3.40282e+38
3.40282e+38
3.40282e+38
3.40282e+38
4.50308e+12
4.50885e+12
3.40282e+38
3.40282e+38
3.40282e+38
4.40588e+12
3.40282e+38
3.40282e+38
3.40282e+38
3.40282e+38
4.26642e+12
3.40282e+38
3.40282e+38
3.40282e+38
3.40282e+38
3.40282e+38
3.40282e+38
3.40282e+38
3.40282e+38
3.40282e+38
3.40282e+38
3.40282e+38
3.40282e+38
3.40282e+38
3.40282e+38
3.40282e+38
3.40282e+38
3.40282e+38
2.27715e+12
3.40282e+38
3.40282e+38
3.40282e+38
3.40282e+38
3.40282e+38
3.40282e+38
3.40282e+38
3.40282e+38
3.40282e+38
3.40282e+38
4.47467e+12
3.40282e+38
3.40282e+38
3.40282e+38
3.40282e+38
3.40282e+38
3.40282e+38
3.40282e+38
3.40282e+38
3.40282e+38
3.40282e+38
3.40282e+38
3.40282e+38
3.40282e+38
3.40282e+38
3.40282e+38
3.40282e+38
3.40282e+38
3.40282e+38
3.40282e+38
3.40282e+38
 4.4921e+12
3.40282e+38
4.53137e+12
3.40282e+38
3.40282e+38
5.53866e+12
3.40282e+38
3.40282e+38
3.40282e+38
4.50546e+12
4.87781e+12
4.82569e+12
3.40282e+38
3.40282e+38
3.40282e+38
3.40282e+38
3.40282e+38
3.39036e+12
3.40282e+38
3.40282e+38
4.49764e+12
2.56005e+12
3.40282e+38
4.56495e+12
3.40282e+38
3.40282e+38
3.40282e+38
 4.4902e+12
6.30651e+12
3.40282e+38
3.40282e+38
3.40282e+38
3.40282e+38
3.40282e+38
3.40282e+38
3.40282e+38
3.40282e+38
4.46056e+12
3.40282e+38
3.40282e+38
3.40282e+38
4.46245e+12
3.40282e+38
3.40282e+38
3.40282e+38
3.40282e+38
3.40282e+38
3.40282e+38
3.40282e+38
4.49129e+12
4.51785e+12
3.40282e+38
3.40282e+38
3.40282e+38
4.50228e+12
3.40282e+38
 4.4849e+12
3.40282e+38
3.40282e+38
3.40282e+38
4.48931e+12
3.40282e+38
3.40282e+38
3.40282e+38
3.40282e+38
3.40282e+38
3.40282e+38
3.40282e+38
3.40282e+38
4.55175e+12
3.40282e+38
3.40282e+38
3.40282e+38
3.40282e+38
3.40282e+38
3.40282e+38
3.40282e+38
5.01501e+12
3.40282e+38
3.40282e+38
3.40282e+38
3.40282e+38
3.40282e+38
3.40282e+38
3.40282e+38
3.40282e+38
3.40282e+38
4.48217e+12
3.40282e+38
3.40282e+38
3.40282e+38
3.40282e+38
3.40282e+38
3.40282e+38
5.58844e+12
5.91895e+12
3.40282e+38
4.44963e+12
3.40282e+38
3.40282e+38
4.47867e+12
3.40282e+38
3.40282e+38
3.40282e+38
 5.9629e+12
4.24175e+12
3.40282e+38
3.40282e+38
3.40282e+38
3.40282e+38
3.40282e+38
2.30264e+12
3.40282e+38
3.40282e+38
3.40282e+38
2.09869e+12
3.40282e+38
3.40282e+38
1.46811e+12
3.40282e+38
1.54549e+12
3.40282e+38
3.40282e+38
4.42771e+12
3.40282e+38
3.40282e+38
3.40282e+38
4.76437e+12
3.40282e+38
3.40282e+38
3.40282e+38
4.56772e+12
3.40282e+38
3.40282e+38
3.40282e+38
3.40282e+38
3.40282e+38
3.40282e+38
3.40282e+38
3.40282e+38
   4.51e+12
5.57532e+12
5.24246e+12
3.40282e+38
3.40282e+38
3.40282e+38
3.40282e+38
3.40282e+38
 4.6695e+12
4.48989e+12
3.40282e+38
3.40282e+38
3.40282e+38
3.40282e+38
3.40282e+38
3.40282e+38
3.40282e+38
3.40282e+38
4.48287e+12
3.40282e+38
4.53106e+12
5.39567e+12
3.40282e+38
3.40282e+38
3.40282e+38
 2.1604e+12
3.40282e+38
3.40282e+38
3.40282e+38
4.08515e+12
3.40282e+38
3.40282e+38
3.40282e+38
3.40282e+38
3.40282e+38
5.88913e+12
3.40282e+38
3.40282e+38
3.40282e+38
3.40282e+38
3.40282e+38
3.40282e+38
3.40282e+38
4.46711e+12
3.40282e+38
2.60959e+12
3.40282e+38
3.40282e+38
3.40282e+38
3.40282e+38
3.40282e+38
3.40282e+38
3.40282e+38
3.40282e+38
3.40282e+38
3.40282e+38
3.40282e+38
3.40282e+38
3.40282e+38
3.40282e+38
4.36566e+12
 4.8589e+12
3.40282e+38
4.50939e+12
3.40282e+38
4.30872e+12
4.16339e+12
3.40282e+38
3.40282e+38
4.56933e+12
3.40282e+38
6.38556e+12
3.40282e+38
3.40282e+38
3.40282e+38
3.40282e+38
3.40282e+38
3.40282e+38
 4.4276e+12
3.40282e+38
4.48275e+12
3.40282e+38
3.40282e+38
1.76356e+12
3.40282e+38
3.40282e+38
3.40282e+38
3.40282e+38
3.40282e+38
3.40282e+38
3.40282e+38
3.40282e+38
3.40282e+38
3.40282e+38
3.40282e+38
3.40282e+38
3.40282e+38
3.40282e+38
3.40282e+38
5.88584e+12
3.40282e+38
3.40282e+38
3.40282e+38
3.40282e+38
3.40282e+38
3.40282e+38
3.40282e+38
3.40282e+38
3.40282e+38
3.40282e+38
3.40282e+38
3.40282e+38
3.40282e+38
2.17295e+12
4.48992e+12
6.96735e+12
3.40282e+38
3.40282e+38
3.40282e+38
3.40282e+38
3.40282e+38
3.40282e+38
3.40282e+38
3.40282e+38
4.49475e+12
3.40282e+38
4.45496e+12
3.40282e+38
3.40282e+38
3.40282e+38
3.40282e+38
3.40282e+38
3.40282e+38
3.40282e+38
3.40282e+38
3.40282e+38
3.40282e+38
3.40282e+38
3.40282e+38
3.40282e+38
3.40282e+38
3.40282e+38
3.40282e+38
3.40282e+38
3.40282e+38
3.40282e+38
3.40282e+38
3.40282e+38
3.40282e+38
3.40282e+38
4.98227e+12
3.40282e+38
3.40282e+38
3.40282e+38
3.40282e+38
3.40282e+38
3.40282e+38
3.40282e+38
3.46288e+12
3.40282e+38
3.40282e+38
3.40282e+38
4.42855e+12
3.40282e+38
3.40282e+38
3.40282e+38
3.40282e+38
3.40282e+38
3.40282e+38
3.40282e+38
4.81407e+12
3.40282e+38
3.40282e+38
3.40282e+38
3.40282e+38
3.40282e+38
3.40282e+38
3.40282e+38
3.40282e+38
3.40282e+38
3.40282e+38
6.86053e+12
3.40282e+38
3.40282e+38
3.40282e+38
3.40282e+38
3.40282e+38
3.40282e+38
3.40282e+38
5.26862e+12
4.48742e+12
3.40282e+38
3.40282e+38
4.52031e+12
3.40282e+38
3.40282e+38
3.40282e+38
3.40282e+38
3.40282e+38
3.40282e+38
3.40282e+38
3.40282e+38
3.40282e+38
7.11187e+12
3.40282e+38
 4.5135e+12
3.40282e+38
3.40282e+38
3.40282e+38
3.40282e+38
3.40282e+38
1.75019e+12
3.40282e+38
3.40282e+38
3.40282e+38
3.40282e+38
3.40282e+38
3.40282e+38
3.40282e+38
3.40282e+38
3.40282e+38
3.40282e+38
3.40282e+38
3.40282e+38
3.40282e+38
3.40282e+38
3.40282e+38
3.40282e+38
3.40282e+38
3.40282e+38
3.40282e+38
3.40282e+38
3.40282e+38
3.40282e+38
3.40282e+38
3.40282e+38
3.40282e+38
3.40282e+38
2.17934e+12
3.40282e+38
3.40282e+38
 3.6299e+12
3.40282e+38
3.40282e+38
3.40282e+38
3.40282e+38
3.40282e+38
3.47879e+12
3.40282e+38
3.40282e+38
3.40282e+38
3.40282e+38
4.65658e+12
3.40282e+38
3.40282e+38
4.85781e+12
3.40282e+38
3.40282e+38
3.40282e+38
3.40282e+38
4.56637e+12
3.40282e+38
3.40282e+38
3.40282e+38
3.40282e+38
3.40282e+38
1.89437e+12
3.40282e+38
3.40282e+38
3.40282e+38
4.48645e+12
3.40282e+38
3.40282e+38
3.40282e+38
3.40282e+38
4.52611e+12
3.40282e+38
1.45106e+12
4.55372e+12
3.40282e+38
3.40282e+38
4.48291e+12
3.40282e+38
3.40282e+38
4.45866e+12
3.40282e+38
3.40282e+38
3.40282e+38
2.84886e+12
3.40282e+38
3.40282e+38
3.40282e+38
3.40282e+38
3.40282e+38
3.40282e+38
3.40282e+38
3.40282e+38
3.40282e+38
3.40282e+38
3.40282e+38
3.40282e+38
3.40282e+38
2.07648e+12
3.40282e+38
4.49012e+12
3.40282e+38
2.19144e+12
3.40282e+38
3.40282e+38
3.40282e+38
4.47584e+12
3.40282e+38
4.26866e+12
3.40282e+38
4.51692e+12
 4.8635e+12
 4.5861e+12
3.40282e+38
3.40282e+38
3.40282e+38
3.40282e+38
 4.8996e+12
 4.4657e+12
3.40282e+38
3.40282e+38
4.55618e+12
3.40282e+38
3.40282e+38
3.40282e+38
3.40282e+38
3.40282e+38
4.56041e+12
1.96592e+12
6.32737e+12
4.49333e+12
3.40282e+38
3.40282e+38
4.48528e+12
3.40282e+38
3.40282e+38
3.40282e+38
4.55124e+12
3.40282e+38
3.40282e+38
3.40282e+38
3.40282e+38
3.40282e+38
3.40282e+38
4.45754e+12
4.50507e+12
3.40282e+38
3.40282e+38
3.40282e+38
3.40282e+38
3.40282e+38
3.40282e+38
3.40282e+38
3.40282e+38
3.40282e+38
3.40282e+38
4.32113e+12
3.40282e+38
3.40282e+38
3.40282e+38
3.40282e+38
3.40282e+38
3.40282e+38
3.40282e+38
4.54707e+12
3.40282e+38
4.48656e+12
4.49105e+12
3.40282e+38
3.40282e+38
4.49817e+12
4.50243e+12
4.50465e+12
3.40282e+38
4.42762e+12
3.40282e+38
4.50913e+12
3.40282e+38
3.40282e+38
5.17637e+12
5.43821e+12
3.40282e+38
3.40282e+38
3.40282e+38
3.40282e+38
6.54955e+12
4.14526e+12
4.54065e+12
4.49004e+12
3.40282e+38
3.40282e+38
3.40282e+38
3.40282e+38
4.49285e+12
3.40282e+38
4.51533e+12
3.40282e+38
3.40282e+38
3.40282e+38
3.40282e+38
3.40282e+38
1.84916e+12
3.40282e+38
3.40282e+38
3.40282e+38
3.40282e+38
3.40282e+38
2.75807e+12
4.46387e+12
3.40282e+38
3.40282e+38
3.40282e+38
4.46501e+12
3.40282e+38
3.40282e+38
3.40282e+38
3.40282e+38
2.25132e+12
3.40282e+38
3.40282e+38
3.40282e+38
4.47361e+12
3.40282e+38
3.40282e+38
3.40282e+38
3.40282e+38
3.40282e+38
4.61209e+12
3.40282e+38
3.40282e+38
3.40282e+38
4.71153e+12
3.40282e+38
3.40282e+38
3.40282e+38
4.55962e+12
3.40282e+38
3.40282e+38
3.40282e+38
 4.5281e+12
3.40282e+38
3.40282e+38
3.40282e+38
4.77289e+12
3.40282e+38
4.48223e+12
3.40282e+38
3.40282e+38
3.40282e+38
3.40282e+38
3.40282e+38
3.40282e+38
3.40282e+38
3.40282e+38
3.40282e+38
4.47377e+12
3.40282e+38
3.40282e+38
3.40282e+38
3.40282e+38
3.40282e+38
2.40349e+12
3.40282e+38
3.40282e+38
3.40282e+38
4.48688e+12
4.49781e+12
3.40282e+38
3.40282e+38
3.40282e+38
3.40282e+38
3.40282e+38
3.97336e+12
5.88459e+12
3.40282e+38
3.40282e+38
3.40282e+38
3.40282e+38
3.40282e+38
3.40282e+38
5.11775e+12
4.66639e+12
3.40282e+38
3.40282e+38
3.40282e+38
4.44036e+12
4.57063e+12
3.40282e+38
3.40282e+38
2.70932e+12
4.45505e+12
3.40282e+38
3.40282e+38
3.40282e+38
3.40282e+38
3.40282e+38
4.65036e+12
3.40282e+38
3.63993e+12
4.52725e+12
3.40282e+38
3.40282e+38
4.47154e+12
3.40282e+38
4.45541e+12
4.51191e+12
3.40282e+38
3.40282e+38
3.40282e+38
4.72053e+12
3.40282e+38
3.40282e+38
3.40282e+38
3.40282e+38
4.45934e+12
3.40282e+38
3.40282e+38
3.40282e+38
3.40282e+38
4.50245e+12
3.40282e+38
3.40282e+38
3.40282e+38
3.40282e+38
3.40282e+38
3.40282e+38
2.59448e+12
4.49997e+12
4.45479e+12
3.40282e+38
4.47787e+12
3.40282e+38
3.40282e+38
3.40282e+38
  4.361e+12
2.98183e+12
3.40282e+38
3.40282e+38
3.40282e+38
3.40282e+38
3.40282e+38
3.40282e+38
3.40282e+38
3.40282e+38
3.40282e+38
3.40282e+38
3.40282e+38
3.40282e+38
4.99996e+12
3.40282e+38
3.40282e+38
3.40282e+38
4.51702e+12
1.62025e+12
3.40282e+38
2.72623e+12
3.40282e+38
2.68758e+12
3.40282e+38
3.40282e+38
4.49408e+12
4.53824e+12
3.40282e+38
4.44761e+12
3.40282e+38
3.40282e+38
3.40282e+38
3.40282e+38
3.40282e+38
3.40282e+38
3.40282e+38
3.40282e+38
3.40282e+38
3.40282e+38
3.40282e+38
3.40282e+38
3.40282e+38
3.40282e+38
  4.176e+12
3.40282e+38
3.40282e+38
3.40282e+38
3.40282e+38
3.40282e+38
3.40282e+38
3.40282e+38
3.40282e+38
3.40282e+38
3.40282e+38
3.40282e+38
3.40282e+38
3.40282e+38
3.40282e+38
3.40282e+38
3.40282e+38
3.40282e+38
4.57226e+12
3.40282e+38
4.42063e+12
4.84056e+12
3.40282e+38
3.40282e+38
3.82841e+12
3.13201e+12
3.40282e+38
 4.4989e+12
4.49256e+12
3.40282e+38
3.40282e+38
 4.4797e+12
3.40282e+38
3.40282e+38
3.40282e+38
3.40282e+38
3.40282e+38
3.40282e+38
3.40282e+38
4.46039e+12
3.40282e+38
3.40282e+38
3.40282e+38
3.45811e+12
3.40282e+38
4.49627e+12
3.40282e+38
4.60747e+12
3.40282e+38
3.40282e+38
3.40282e+38
3.40282e+38
3.40282e+38
3.40282e+38
3.40282e+38
3.40282e+38
3.40282e+38
4.55591e+12
4.51633e+12
3.40282e+38
3.40282e+38
3.40282e+38
3.40282e+38
3.40282e+38
3.40282e+38
3.40282e+38
3.40282e+38
3.40282e+38
3.60555e+12
3.81853e+12
3.40282e+38
3.40282e+38
3.40282e+38
3.40282e+38
3.40282e+38
1.63439e+12
3.40282e+38
3.40282e+38
1.72328e+12
3.40282e+38
4.48692e+12
4.49085e+12
3.40282e+38
4.52678e+12
3.40282e+38
3.40282e+38
3.40282e+38
3.40282e+38
5.77039e+12
3.40282e+38
3.40282e+38
3.40282e+38
3.40282e+38
2.57016e+12
3.40282e+38
3.40282e+38
2.54006e+12
2.33473e+12
3.40282e+38
3.40282e+38
5.37992e+12
4.66503e+12
5.86591e+12
3.40282e+38
3.40282e+38
3.40282e+38
3.40282e+38
3.40282e+38
3.40282e+38
3.40282e+38
3.40282e+38
3.40282e+38
4.49889e+12
3.40282e+38
3.40282e+38
3.40282e+38
4.51777e+12
4.55836e+12
3.40282e+38
4.62386e+12
3.40282e+38
3.40282e+38
3.40282e+38
3.40282e+38
3.40282e+38
6.17935e+12
3.40282e+38
3.40282e+38
3.40282e+38
3.40282e+38
3.40282e+38
3.40282e+38
3.40282e+38
3.40282e+38
3.40282e+38
3.40282e+38
3.40282e+38
3.40282e+38
3.40282e+38
3.40282e+38
3.40282e+38
4.38122e+12
3.40282e+38
 4.5712e+12
3.40282e+38
3.40282e+38
3.40282e+38
4.17562e+12
3.40282e+38
3.40282e+38
3.40282e+38
3.40282e+38
3.40282e+38
5.25696e+12
3.40282e+38
4.55357e+12
3.40282e+38
3.40282e+38
3.40282e+38
2.44262e+12
3.40282e+38
5.12938e+12
3.40282e+38
3.40282e+38
3.40282e+38
3.40282e+38
3.40282e+38
3.40282e+38
3.40282e+38
 3.2703e+12
3.40282e+38
3.40282e+38
3.40282e+38
3.40282e+38
3.40282e+38
3.40282e+38
3.40282e+38
3.40282e+38
3.40282e+38
3.40282e+38
3.40282e+38
3.40282e+38
3.40282e+38
3.40282e+38
3.40282e+38
3.40282e+38
3.40282e+38
3.40282e+38
3.40282e+38
3.40282e+38
3.40282e+38
3.40282e+38
3.40282e+38
3.40282e+38
4.59191e+12
3.40282e+38
3.40282e+38
3.40282e+38
3.40282e+38
3.40282e+38
3.40282e+38
3.40282e+38
3.40282e+38
3.40282e+38
3.40282e+38
3.40282e+38
2.21744e+12
3.40282e+38
3.40282e+38
3.40282e+38
3.40282e+38
3.40282e+38
5.60081e+12
3.40282e+38
3.40282e+38
3.40282e+38
3.40282e+38
3.40282e+38
3.40282e+38
3.40282e+38
3.40282e+38
3.40282e+38
3.40282e+38
3.40282e+38
4.31966e+12
3.40282e+38
3.40282e+38
4.49224e+12
3.40282e+38
3.40282e+38
3.40282e+38
3.40282e+38
3.40282e+38
3.40282e+38
3.40282e+38
3.40282e+38
3.40282e+38
3.40282e+38
3.40282e+38
3.74711e+12
3.40282e+38
3.40282e+38
3.40282e+38
4.52651e+12
3.40282e+38
3.40282e+38
3.40282e+38
3.40282e+38
3.40282e+38
3.40282e+38
3.40282e+38
3.40282e+38
3.40282e+38
3.40282e+38
3.54289e+12
3.40282e+38
3.40282e+38
3.40282e+38
3.40282e+38
  4.297e+12
3.40282e+38
3.40282e+38
3.40282e+38
3.40282e+38
5.41761e+12
 4.4967e+12
1.87367e+12
3.40282e+38
3.40282e+38
3.40282e+38
3.40282e+38
3.40282e+38
3.40282e+38
2.65653e+12
3.40282e+38
3.40282e+38
3.40282e+38
3.40282e+38
3.40282e+38
3.40282e+38
3.40282e+38
4.36864e+12
3.40282e+38
3.40282e+38
3.40282e+38
3.40282e+38
3.40282e+38
3.40282e+38
3.40282e+38
3.40282e+38
3.40282e+38
3.40282e+38
3.40282e+38
3.40282e+38
3.40282e+38
5.96145e+12
3.40282e+38
3.40282e+38
3.40282e+38
4.49015e+12
3.40282e+38
3.40282e+38
3.40282e+38
4.49034e+12
4.49209e+12
5.97036e+12
3.40282e+38
3.40282e+38
3.40282e+38
4.63744e+12
3.40282e+38
3.40282e+38
3.40282e+38
3.40282e+38
3.40282e+38
3.40282e+38
3.40282e+38
4.50684e+12
3.40282e+38
3.40282e+38
5.57275e+12
3.40282e+38
4.91499e+12
3.40282e+38
3.40282e+38
3.40282e+38
3.40282e+38
3.40282e+38
4.56717e+12
3.40282e+38
2.64369e+12
4.41793e+12
4.86458e+12
3.40282e+38
3.40282e+38
3.40282e+38
3.40282e+38
3.40282e+38
3.40282e+38
3.40282e+38
3.40282e+38
3.40282e+38
3.40282e+38
3.40282e+38
3.61696e+12
3.40282e+38
4.49157e+12
3.40282e+38
3.40282e+38
3.40282e+38
3.40282e+38
3.40282e+38
3.40282e+38
3.40282e+38
3.40282e+38
3.40282e+38
3.40282e+38
3.40282e+38
4.49186e+12
3.40282e+38
3.40282e+38
3.40282e+38
3.40282e+38
3.40282e+38
3.40282e+38
3.40282e+38
3.40282e+38
3.40282e+38
3.40282e+38
3.40282e+38
3.40282e+38
4.94962e+12
4.36302e+12
3.40282e+38
4.43089e+12
3.40282e+38
3.40282e+38
3.40282e+38
4.45765e+12
3.40282e+38
3.40282e+38
3.40282e+38
3.40282e+38
3.40282e+38
3.40282e+38
3.40282e+38
3.81593e+12
3.40282e+38
3.40282e+38
4.60134e+12
3.40282e+38
3.40282e+38
3.40282e+38
 4.5775e+12
3.40282e+38
3.40282e+38
3.40282e+38
4.61064e+12
3.40282e+38
4.74013e+12
3.40282e+38
3.40282e+38
4.49999e+12
3.40282e+38
3.40282e+38
3.40282e+38
3.40282e+38
3.40282e+38
3.16196e+12
3.40282e+38
3.40282e+38
3.40282e+38
3.40282e+38
3.40282e+38
3.97822e+12
3.40282e+38
2.98835e+12
3.40282e+38
3.40282e+38
3.40282e+38
3.40282e+38
3.40282e+38
3.40282e+38
3.40282e+38
3.40282e+38
3.40282e+38
3.40282e+38
3.40282e+38
3.40282e+38
3.40282e+38
4.49301e+12
3.40282e+38
3.40282e+38
3.40282e+38
3.40282e+38
3.40282e+38
3.40282e+38
3.40282e+38
3.40282e+38
3.40282e+38
3.40282e+38
3.40282e+38
3.40282e+38
4.83211e+12
3.40282e+38
3.40282e+38
4.47836e+12
3.40282e+38
4.85841e+12
4.48167e+12
4.60333e+12
4.48282e+12
3.40282e+38
3.40282e+38
3.40282e+38
3.40282e+38
3.40282e+38
3.40282e+38
 4.4904e+12
4.51976e+12
3.40282e+38
3.40282e+38
3.40282e+38
3.40282e+38
4.46956e+12
3.40282e+38
3.40282e+38
3.40282e+38
4.45341e+12
3.40282e+38
3.04246e+12
4.47495e+12
3.40282e+38
3.40282e+38
3.40282e+38
3.40282e+38
3.40282e+38
3.40282e+38
3.40282e+38
2.85136e+12
3.40282e+38
3.40282e+38
3.40282e+38
3.40282e+38
3.40282e+38
3.40282e+38
3.40282e+38
4.48035e+12
3.40282e+38
4.38944e+12
3.40282e+38
3.40282e+38
3.40282e+38
3.40282e+38
3.40282e+38
3.40282e+38
3.40282e+38
4.48875e+12
3.40282e+38
5.24101e+12
4.22586e+12
3.40282e+38
3.40282e+38
3.40282e+38
3.40282e+38
3.40282e+38
3.40282e+38
3.40282e+38
3.40282e+38
   4.64e+12
3.40282e+38
3.40282e+38
3.40282e+38
3.40282e+38
4.34589e+12
3.40282e+38
3.40282e+38
3.40282e+38
5.78048e+12
3.40282e+38
3.40282e+38
3.40282e+38
3.40282e+38
3.40282e+38
3.40282e+38
3.40282e+38
3.40282e+38
3.40282e+38
4.48979e+12
3.40282e+38
3.40282e+38
3.40282e+38
3.40282e+38
3.40282e+38
3.40282e+38
3.40282e+38
   4.46e+12
3.40282e+38
3.40282e+38
3.40282e+38
4.49218e+12
3.40282e+38
3.40282e+38
3.07568e+12
3.40282e+38
3.40282e+38
3.40282e+38
3.40282e+38
3.40282e+38
3.40282e+38
4.54708e+12
4.43881e+12
3.40282e+38
3.40282e+38
3.40282e+38
3.40282e+38
4.71814e+12
3.40282e+38
4.25554e+12
4.98279e+12
3.40282e+38
3.40282e+38
3.40282e+38
4.00471e+12
3.40282e+38
3.40282e+38
4.74359e+12
3.40282e+38
3.40282e+38
3.40282e+38
3.83546e+12
3.40282e+38
3.40282e+38
3.40282e+38
3.40282e+38
3.40282e+38
3.40282e+38
3.40282e+38
3.40282e+38
5.26768e+12
3.65501e+12
3.40282e+38
3.40282e+38
3.40282e+38
3.40282e+38
3.40282e+38
3.40282e+38
3.40282e+38
3.40282e+38
3.40282e+38
3.40282e+38
3.40282e+38
3.02129e+12
3.40282e+38
3.40282e+38
4.10375e+12
3.40282e+38
3.40282e+38
3.40282e+38
3.40282e+38
3.40282e+38
3.40282e+38
3.40282e+38
3.40282e+38
3.40282e+38
3.40282e+38
3.40282e+38
3.40282e+38
3.40282e+38
3.40282e+38
3.40282e+38
3.40282e+38
 4.5481e+12
3.40282e+38
3.40282e+38
 3.7538e+12
3.40282e+38
3.40282e+38
4.90149e+12
4.24904e+12
3.40282e+38
3.40282e+38
3.40282e+38
3.40282e+38
3.40282e+38
3.40282e+38
4.24847e+12
4.49047e+12
3.40282e+38
3.40282e+38
3.40282e+38
3.40282e+38
3.40282e+38
4.49149e+12
3.40282e+38
3.40282e+38
3.40282e+38
3.40282e+38
3.40282e+38
3.40282e+38
3.40282e+38
3.40282e+38
3.40282e+38
3.40282e+38
3.40282e+38
3.40282e+38
3.40282e+38
3.40282e+38
4.49956e+12
4.48112e+12
3.17245e+12
3.40282e+38
3.40282e+38
3.40282e+38
3.40282e+38
3.40282e+38
3.40282e+38
3.40282e+38
3.84247e+12
3.40282e+38
3.40282e+38
3.40282e+38
4.43763e+12
3.40282e+38
3.40282e+38
3.40282e+38
4.46188e+12
3.40282e+38
3.40282e+38
3.40282e+38
3.40282e+38
3.40282e+38
3.40282e+38
3.40282e+38
3.40282e+38
3.40282e+38
3.40282e+38
3.40282e+38
4.25995e+12
3.40282e+38
3.40282e+38
3.40282e+38
3.40282e+38
3.40282e+38
3.40282e+38
3.40282e+38
3.40282e+38
4.10824e+12
3.40282e+38
3.81627e+12
3.40282e+38
3.40282e+38
3.95319e+12
3.83115e+12
3.40282e+38
3.40282e+38
3.40282e+38
3.40282e+38
3.40282e+38
3.40282e+38
3.40282e+38
4.02382e+12
3.40282e+38
3.40282e+38
4.14575e+12
3.40282e+38
3.40282e+38
3.40282e+38
3.40282e+38
3.40282e+38
3.40282e+38
3.40282e+38
3.40282e+38
3.40282e+38
3.40282e+38
3.40282e+38
4.47047e+12
3.40282e+38
3.40282e+38
3.40282e+38
3.40282e+38
3.40282e+38
3.40282e+38
3.40282e+38
3.40282e+38
3.40282e+38
3.40282e+38
3.40282e+38
3.40282e+38
3.40282e+38
3.34958e+12
3.40282e+38
 4.4839e+12
4.48151e+12
3.40282e+38
3.40282e+38
3.40282e+38
3.40282e+38
3.40282e+38
3.67987e+12
3.40282e+38
4.25504e+12
3.40282e+38
4.10849e+12
3.40282e+38
3.40282e+38
3.40282e+38
3.40282e+38
3.40282e+38
3.40282e+38
3.40282e+38
3.40282e+38
3.40282e+38
3.40282e+38
3.78684e+12
3.40282e+38
3.40282e+38
3.40282e+38
3.40282e+38
4.75733e+12
3.40282e+38
3.40282e+38
3.40282e+38
3.40282e+38
 4.1123e+12
4.49256e+12
3.90912e+12
3.40282e+38
3.40282e+38
4.57445e+12
3.40282e+38
3.40282e+38
3.40282e+38
3.40282e+38
   4.54e+12
4.57058e+12
3.40282e+38
4.41209e+12
3.40282e+38
3.40282e+38
4.49056e+12
4.57377e+12
3.40282e+38
3.40282e+38
3.40282e+38
3.40282e+38
3.40282e+38
4.48741e+12
3.40282e+38
3.40282e+38
3.40282e+38
3.40282e+38
3.40282e+38
3.40282e+38
3.40282e+38
3.40282e+38
3.40282e+38
4.49251e+12
3.40282e+38
4.49849e+12
3.40282e+38
3.40282e+38
4.41439e+12
3.40282e+38
3.40282e+38
3.40282e+38
3.40282e+38
3.40282e+38
3.40282e+38
3.40282e+38
4.49534e+12
3.40282e+38
3.40282e+38
3.40282e+38
3.40282e+38
4.37416e+12
3.40282e+38
3.40282e+38
3.40282e+38
4.15942e+12
3.90197e+12
4.49414e+12
3.57115e+12
3.40282e+38
3.40282e+38
 4.5247e+12
3.40282e+38
4.10856e+12
3.40282e+38
3.40282e+38
4.51618e+12
4.49883e+12
3.40282e+38
3.40282e+38
3.40282e+38
3.40282e+38
3.40282e+38
3.40282e+38
3.40282e+38
3.40282e+38
5.37699e+12
3.40282e+38
3.64419e+12
3.40282e+38
4.48413e+12
3.40282e+38
3.40282e+38
3.40282e+38
3.40282e+38
4.04044e+12
3.40282e+38
3.40282e+38
3.40282e+38
3.40282e+38
3.40282e+38
3.40282e+38
3.40282e+38
3.40282e+38
3.40282e+38
3.40282e+38
3.40282e+38
 4.5954e+12
4.49439e+12
3.40282e+38
3.40282e+38
4.25437e+12
3.40282e+38
3.40282e+38
3.40282e+38
3.40282e+38
3.62403e+12
3.40282e+38
 3.6279e+12
3.40282e+38
3.40282e+38
3.40282e+38
3.40282e+38
   3.91e+12
3.40282e+38
3.40282e+38
3.40282e+38
3.40282e+38
4.54381e+12
3.40282e+38
4.45017e+12
3.68797e+12
 4.8406e+12
3.40282e+38
3.40282e+38
3.40282e+38
3.40282e+38
3.40282e+38
4.47368e+12
3.40282e+38
3.40282e+38
3.40282e+38
3.40282e+38
3.40282e+38
4.56874e+12
3.40282e+38
3.40282e+38
3.40282e+38
3.40282e+38
3.40282e+38
4.55447e+12
3.40282e+38
3.40282e+38
3.40282e+38
3.77626e+12
4.14606e+12
 4.1284e+12
3.40282e+38
3.40282e+38
4.53555e+12
3.91398e+12
3.40282e+38
3.40282e+38
3.40282e+38
4.50047e+12
4.49032e+12
3.40282e+38
3.40282e+38
3.40282e+38
3.40282e+38
3.40282e+38
3.40282e+38
3.40282e+38
3.57605e+12
3.40282e+38
3.40282e+38
4.82096e+12
4.33885e+12
4.45852e+12
4.97456e+12
3.40282e+38
4.36456e+12
3.40282e+38
3.40282e+38
3.49133e+12
3.40282e+38
3.40282e+38
3.40282e+38
3.40282e+38
3.40282e+38
3.40282e+38
3.40282e+38
3.40282e+38
3.40282e+38
3.40282e+38
3.40282e+38
3.40282e+38
3.40282e+38
3.40282e+38
3.40282e+38
3.40282e+38
3.40282e+38
3.40282e+38
3.40282e+38
3.40282e+38
3.40282e+38
3.40282e+38
3.40282e+38
 4.4933e+12
3.40282e+38
3.40282e+38
3.40282e+38
3.40282e+38
3.40282e+38
3.40282e+38
3.40282e+38
3.40282e+38
3.40282e+38
3.40282e+38
3.40282e+38
3.40282e+38
3.40282e+38
3.40282e+38
3.40282e+38
 4.4949e+12
3.40282e+38
3.40282e+38
3.40282e+38
3.40282e+38
3.40282e+38
3.40282e+38
3.40282e+38
3.40282e+38
3.40282e+38
3.40282e+38
3.40282e+38
3.95996e+12
3.40282e+38
3.40282e+38
3.40282e+38
3.40282e+38
4.49092e+12
4.82212e+12
3.40282e+38
3.40282e+38
3.40282e+38
3.40282e+38
3.40282e+38
3.40282e+38
3.40282e+38
3.40282e+38
4.49055e+12
3.40282e+38
3.40282e+38
3.40282e+38
4.04894e+12
3.40282e+38
3.40282e+38
3.40282e+38
3.40282e+38
4.48248e+12
3.40282e+38
3.40282e+38
4.48725e+12
3.40282e+38
3.64573e+12
4.46865e+12
4.49312e+12
3.40282e+38
3.33619e+12
3.40282e+38
3.40282e+38
3.40282e+38
3.40282e+38
3.40282e+38
3.40282e+38
3.40282e+38
3.02557e+12
3.40282e+38
3.40282e+38
3.40282e+38
3.40282e+38
4.54876e+12
3.40282e+38
3.40282e+38
3.40282e+38
3.40282e+38
 4.1439e+12
4.50583e+12
3.40282e+38
3.40282e+38
3.40282e+38
3.40282e+38
3.40282e+38
3.40282e+38
3.40282e+38
3.40282e+38
4.47742e+12
3.40282e+38
3.40282e+38
3.40282e+38
3.40282e+38
4.36721e+12
3.40282e+38
3.40282e+38
3.40282e+38
4.48279e+12
4.45413e+12
3.40282e+38
3.40282e+38
3.40282e+38
3.40282e+38
4.49326e+12
3.40282e+38
3.40282e+38
3.40282e+38
3.40282e+38
3.40282e+38
4.48502e+12
3.40282e+38
3.40282e+38
3.40282e+38
3.40282e+38
3.82121e+12
3.40282e+38
3.40282e+38
3.40282e+38
3.40282e+38
3.40282e+38
 4.4881e+12
3.40282e+38
3.40282e+38
3.40282e+38
3.40282e+38
3.40282e+38
3.40282e+38
3.40282e+38
5.09761e+12
3.40282e+38
3.40282e+38
3.40282e+38
4.49914e+12
3.40282e+38
3.40282e+38
4.53818e+12
3.40282e+38
3.66189e+12
3.40282e+38
3.40282e+38
3.40282e+38
5.42352e+12
3.40282e+38
4.49978e+12
 4.2464e+12
3.40282e+38
3.40282e+38
4.09358e+12
3.40282e+38
3.40282e+38
3.40282e+38
3.40282e+38
3.40282e+38
3.40282e+38
4.87558e+12
 3.8809e+12
3.40282e+38
3.40282e+38
3.40282e+38
3.40282e+38
3.40282e+38
3.40282e+38
3.40282e+38
4.25544e+12
3.40282e+38
3.40282e+38
3.40282e+38
 2.8836e+12
4.49817e+12
3.40282e+38
3.40282e+38
3.40282e+38
3.40282e+38
3.40282e+38
3.40282e+38
3.40282e+38
3.40282e+38
3.40282e+38
3.40282e+38
3.71294e+12
3.40282e+38
3.40282e+38
3.40282e+38
3.40282e+38
3.40282e+38
3.40282e+38
 4.4834e+12
3.40282e+38
4.56975e+12
3.40282e+38
3.40282e+38
3.40282e+38
3.40282e+38
3.40282e+38
3.40282e+38
3.40282e+38
5.04857e+12
3.40282e+38
3.40282e+38
3.40282e+38
3.40282e+38
4.51318e+12
3.40282e+38
3.40282e+38
3.40282e+38
3.40282e+38
3.40282e+38
3.40282e+38
3.40282e+38
3.40282e+38
3.40282e+38
4.55847e+12
4.58298e+12
4.48779e+12
3.40282e+38
3.40282e+38
4.60042e+12
3.40282e+38
3.48043e+12
3.40282e+38
3.40282e+38
4.50828e+12
3.40282e+38
3.40282e+38
3.40282e+38
3.40282e+38
3.40282e+38
3.40282e+38
4.49538e+12
3.40282e+38
3.23904e+12
3.40282e+38
3.40282e+38
3.40282e+38
4.48165e+12
3.40282e+38
3.40282e+38
3.40282e+38
2.87196e+12
3.40282e+38
3.40282e+38
3.40282e+38
3.91924e+12
3.40282e+38
3.40282e+38
3.40282e+38
3.40282e+38
3.40282e+38
3.40282e+38
3.40282e+38
3.40282e+38
3.40282e+38
3.40282e+38
3.40282e+38
3.40282e+38
3.40282e+38
3.40282e+38
3.40282e+38
3.40282e+38
3.40282e+38
3.40282e+38
3.40282e+38
4.61133e+12
3.40282e+38
3.40282e+38
3.40282e+38
3.40282e+38
5.42401e+12
3.40282e+38
3.40282e+38
4.54895e+12
3.40282e+38
3.40282e+38
4.70067e+12
3.40282e+38
3.40282e+38
3.40282e+38
4.68157e+12
3.40282e+38
3.40282e+38
3.40282e+38
3.40282e+38
4.41748e+12
3.40282e+38
3.40282e+38
3.40282e+38
3.40282e+38
3.40282e+38
3.40282e+38
3.40282e+38
3.40282e+38
3.40282e+38
3.40282e+38
3.40282e+38
3.40282e+38
4.60571e+12
3.40282e+38
3.40282e+38
3.40282e+38
3.40282e+38
3.40282e+38
3.40282e+38
 4.4883e+12
2.71579e+12
3.40282e+38
3.40282e+38
 2.8227e+12
4.46407e+12
   3.64e+12
3.40282e+38
3.40282e+38
3.40282e+38
3.40282e+38
3.40282e+38
3.48553e+12
3.40282e+38
3.40282e+38
3.40282e+38
3.40282e+38
3.40282e+38
3.40282e+38
3.40282e+38
3.40282e+38
3.40282e+38
3.40282e+38
3.40282e+38
3.40282e+38
3.40282e+38
3.40282e+38
4.49261e+12
3.40282e+38
3.40282e+38
3.40282e+38
4.65918e+12
3.40282e+38
3.40282e+38
5.73481e+12
3.40282e+38
3.40282e+38
3.40282e+38
3.40282e+38
4.28601e+12
4.45641e+12
3.40282e+38
3.40282e+38
3.40282e+38
3.40282e+38
3.40282e+38
3.40282e+38
3.40282e+38
4.49173e+12
3.40282e+38
3.40282e+38
3.40282e+38
3.40282e+38
4.44571e+12
3.40282e+38
3.40282e+38
3.40282e+38
3.40282e+38
3.40282e+38
3.40282e+38
3.40282e+38
3.40282e+38
5.40542e+12
3.40282e+38
3.40282e+38
4.55911e+12
3.40282e+38
3.40282e+38
3.40282e+38
4.42995e+12
2.92777e+12
3.40282e+38
3.40282e+38
3.40282e+38
 3.0679e+12
3.12441e+12
3.40282e+38
3.40282e+38
3.40282e+38
 2.4484e+12
3.40282e+38
3.40282e+38
3.40282e+38
3.40282e+38
3.04633e+12
5.78989e+12
 4.7653e+12
3.40282e+38
3.40282e+38
3.40282e+38
4.49969e+12
3.40282e+38
3.40282e+38
3.40282e+38
3.40282e+38
3.40282e+38
3.40282e+38
3.40282e+38
3.40282e+38
3.40282e+38
4.45985e+12
4.71811e+12
3.40282e+38
3.40282e+38
4.44935e+12
3.40282e+38
4.49825e+12
3.40282e+38
3.40282e+38
 4.4234e+12
3.40282e+38
3.40282e+38
3.40282e+38
3.40282e+38
3.40282e+38
3.40282e+38
4.48325e+12
3.40282e+38
3.40282e+38
4.52958e+12
3.40282e+38
3.40282e+38
3.40282e+38
3.40282e+38
3.40282e+38
3.40282e+38
3.40282e+38
3.40282e+38
3.40282e+38
3.40282e+38
 2.4275e+12
3.91847e+12
3.40282e+38
3.40282e+38
3.40282e+38
3.40282e+38
3.15994e+12
3.40282e+38
3.40282e+38
3.40282e+38
3.40282e+38
3.40282e+38
 4.3022e+12
3.40282e+38
3.40282e+38
3.40282e+38
4.48891e+12
3.40282e+38
3.40282e+38
3.40282e+38
3.40282e+38
3.40282e+38
3.40282e+38
3.40282e+38
3.40282e+38
3.40282e+38
3.40282e+38
3.40282e+38
3.40282e+38
4.71465e+12
4.22293e+12
3.40282e+38
4.55803e+12
3.40282e+38
3.40282e+38
3.40282e+38
4.72585e+12
3.40282e+38
3.40282e+38
4.48441e+12
3.40282e+38
3.40282e+38
4.29389e+12
3.40282e+38
4.49021e+12
3.40282e+38
3.40282e+38
3.40282e+38
6.35429e+12
3.40282e+38
3.40282e+38
4.63473e+12
3.40282e+38
3.40282e+38
3.40282e+38
3.40282e+38
3.40282e+38
3.40282e+38
3.40282e+38
1.77929e+12
3.40282e+38
3.40282e+38
3.40282e+38
3.40282e+38
3.40282e+38
3.40282e+38
3.40282e+38
3.40282e+38
3.40282e+38
4.44937e+12
4.49051e+12
4.49058e+12
3.40282e+38
3.40282e+38
3.40282e+38
3.40282e+38
3.40282e+38
4.51972e+12
3.40282e+38
3.40282e+38
4.53791e+12
3.40282e+38
3.40282e+38
 2.0434e+12
3.40282e+38
3.40282e+38
3.40282e+38
4.49191e+12
4.49021e+12
3.40282e+38
3.40282e+38
3.40282e+38
3.40282e+38
3.40282e+38
3.40282e+38
3.40282e+38
3.40282e+38
4.66634e+12
3.40282e+38
3.40282e+38
3.40282e+38
3.40282e+38
3.40282e+38
3.40282e+38
3.40282e+38
4.55749e+12
4.99968e+12
3.40282e+38
3.40282e+38
4.55244e+12
3.40282e+38
3.40282e+38
3.40282e+38
2.86042e+12
3.40282e+38
3.40282e+38
3.40282e+38
3.20592e+12
3.40282e+38
3.40282e+38
3.40282e+38
3.40282e+38
3.40282e+38
3.40282e+38
3.40282e+38
2.22882e+12
3.40282e+38
3.40282e+38
3.40282e+38
3.40282e+38
4.46255e+12
3.40282e+38
4.43716e+12
3.40282e+38
3.40282e+38
3.40282e+38
3.40282e+38
3.40282e+38
3.40282e+38
3.40282e+38
4.66462e+12
 4.4695e+12
3.40282e+38
3.40282e+38
3.40282e+38
3.40282e+38
3.40282e+38
3.40282e+38
3.40282e+38
3.40282e+38
3.40282e+38
3.40282e+38
3.45347e+12
3.40282e+38
3.40282e+38
3.25187e+12
3.40282e+38
3.40282e+38
3.40282e+38
3.40282e+38
3.40282e+38
4.51709e+12
3.40282e+38
4.47302e+12
3.40282e+38
3.40282e+38
3.40282e+38
3.40282e+38
4.63879e+12
3.40282e+38
3.40282e+38
3.40282e+38
4.60631e+12
3.40282e+38
3.40282e+38
3.40282e+38
3.40282e+38
3.40282e+38
3.40282e+38
3.40282e+38
3.40282e+38
3.40282e+38
3.40282e+38
3.40282e+38
3.40282e+38
5.38179e+12
4.50988e+12
3.40282e+38
5.21122e+12
3.40282e+38
3.40282e+38
3.40282e+38
3.40282e+38
3.40282e+38
3.40282e+38
3.40282e+38
3.40282e+38
3.40282e+38
3.40282e+38
3.40282e+38
3.40282e+38
 2.2466e+12
3.40282e+38
3.40282e+38
3.40282e+38
3.40282e+38
3.40282e+38
3.40282e+38
3.40282e+38
3.40282e+38
4.46806e+12
3.40282e+38
3.40282e+38
3.40282e+38
3.40282e+38
4.47199e+12
3.40282e+38
3.40282e+38
3.40282e+38
3.40282e+38
4.26213e+12
3.40282e+38
3.40282e+38
4.21274e+12
3.40282e+38
3.40282e+38
3.40282e+38
3.40282e+38
3.40282e+38
3.40282e+38
3.40282e+38
3.40282e+38
3.40282e+38
  4.979e+12
4.49148e+12
3.40282e+38
3.40282e+38
3.40282e+38
3.40282e+38
4.54957e+12
3.40282e+38
3.40282e+38
3.40282e+38
3.40282e+38
5.06319e+12
4.73591e+12
4.44221e+12
3.40282e+38
3.40282e+38
3.40282e+38
3.40282e+38
3.40282e+38
3.40282e+38
3.40282e+38
3.40282e+38
3.40282e+38
3.40282e+38
3.40282e+38
3.40282e+38
3.40282e+38
3.40282e+38
3.40282e+38
3.40282e+38
3.40282e+38
3.40282e+38
2.47166e+12
3.40282e+38
3.40282e+38
3.40282e+38
3.40282e+38
3.40282e+38
4.44536e+12
3.40282e+38
3.40282e+38
3.40282e+38
4.90901e+12
3.40282e+38
3.40282e+38
3.40282e+38
4.09338e+12
3.40282e+38
3.40282e+38
3.40282e+38
3.40282e+38
3.40282e+38
3.40282e+38
3.40282e+38
3.40282e+38
3.40282e+38
4.57886e+12
3.40282e+38
3.40282e+38
4.49238e+12
3.40282e+38
3.40282e+38
3.40282e+38
3.40282e+38
4.49755e+12
3.40282e+38
6.21606e+12
3.40282e+38
4.68049e+12
3.40282e+38
3.40282e+38
3.40282e+38
3.40282e+38
3.40282e+38
3.40282e+38
6.41416e+12
3.40282e+38
3.40282e+38
3.40282e+38
3.40282e+38
3.40282e+38
3.40282e+38
3.40282e+38
3.40282e+38
3.40282e+38
4.90299e+12
2.19828e+12
 4.7653e+12
3.40282e+38
4.27422e+12
3.40282e+38
 4.4782e+12
3.40282e+38
3.40282e+38
3.40282e+38
3.40282e+38
4.41997e+12
3.40282e+38
3.40282e+38
2.59193e+12
3.40282e+38
3.40282e+38
3.40282e+38
3.40282e+38
3.40282e+38
3.40282e+38
3.40282e+38
 5.2524e+12
3.40282e+38
5.04737e+12
3.40282e+38
3.40282e+38
3.40282e+38
3.54549e+12
4.50616e+12
3.40282e+38
3.40282e+38
4.44515e+12
3.40282e+38
4.65335e+12
3.40282e+38
3.40282e+38
3.40282e+38
3.40282e+38
3.40282e+38
3.40282e+38
3.40282e+38
3.40282e+38
3.40282e+38
3.40282e+38
3.40282e+38
3.40282e+38
3.40282e+38
3.40282e+38
3.40282e+38
3.40282e+38
3.40282e+38
3.40282e+38
3.40282e+38
3.40282e+38
3.40282e+38
3.40282e+38
3.40282e+38
3.40282e+38
3.40282e+38
3.40282e+38
4.43019e+12
3.40282e+38
3.40282e+38
3.40282e+38
3.40282e+38
3.40282e+38
3.40282e+38
3.40282e+38
3.40282e+38
 3.7272e+12
 3.2545e+12
3.40282e+38
3.40282e+38
3.40282e+38
3.40282e+38
3.40282e+38
3.40282e+38
3.40282e+38
3.40282e+38
4.52759e+12
3.40282e+38
3.40282e+38
3.40282e+38
3.40282e+38
3.40282e+38
3.40282e+38
3.40282e+38
3.40282e+38
3.40282e+38
3.11834e+12
3.40282e+38
3.40282e+38
3.40282e+38
3.40282e+38
3.40282e+38
3.40282e+38
3.40282e+38
3.40282e+38
3.40282e+38
3.40282e+38
3.40282e+38
3.40282e+38
5.31468e+12
3.40282e+38
3.40282e+38
3.40282e+38
3.40282e+38
4.40008e+12
3.40282e+38
3.40282e+38
3.40282e+38
3.40282e+38
 4.5028e+12
4.61763e+12
3.40282e+38
3.40282e+38
3.40282e+38
3.40282e+38
3.40282e+38
3.40282e+38
3.40282e+38
3.40282e+38
4.46319e+12
3.40282e+38
3.40282e+38
3.40282e+38
3.40282e+38
3.40282e+38
4.49139e+12
3.40282e+38
3.40282e+38
3.40282e+38
3.40282e+38
3.40282e+38
3.40282e+38
3.40282e+38
3.40282e+38
3.40282e+38
 5.0302e+12
3.40282e+38
3.40282e+38
3.40282e+38
3.40282e+38
1.78269e+12
3.40282e+38
4.49035e+12
4.48691e+12
 6.1502e+12
3.40282e+38
3.40282e+38
3.40282e+38
3.40282e+38
3.40282e+38
3.40282e+38
 4.6081e+12
2.96935e+12
3.40282e+38
3.40282e+38
3.40282e+38
3.40282e+38
3.40282e+38
3.40282e+38
3.40282e+38
3.40282e+38
4.59466e+12
3.40282e+38
3.40282e+38
4.81696e+12
5.12671e+12
3.40282e+38
4.50844e+12
3.40282e+38
3.33671e+12
3.40282e+38
3.40282e+38
3.40282e+38
3.40282e+38
3.40282e+38
3.40282e+38
3.40282e+38
3.40282e+38
3.40282e+38
2.30549e+12
3.40282e+38
3.40282e+38
3.40282e+38
4.91218e+12
3.40282e+38
3.40282e+38
3.40282e+38
3.40282e+38
4.47627e+12
3.40282e+38
  4.468e+12
3.40282e+38
3.40282e+38
3.40282e+38
3.40282e+38
3.40282e+38
3.40282e+38
3.40282e+38
3.40282e+38
4.44847e+12
3.40282e+38
3.40282e+38
3.40282e+38
3.40282e+38
4.44561e+12
3.40282e+38
3.40282e+38
3.40282e+38
3.40282e+38
3.40282e+38
3.40282e+38
4.49901e+12
3.40282e+38
3.40282e+38
3.40282e+38
3.40282e+38
3.40282e+38
3.40282e+38
3.40282e+38
3.40282e+38
3.40282e+38
3.40282e+38
3.40282e+38
3.40282e+38
3.40282e+38
3.40282e+38
5.27394e+12
3.40282e+38
3.40282e+38
5.55012e+12
3.40282e+38
3.40282e+38
3.40282e+38
3.40282e+38
4.47975e+12
3.40282e+38
7.17751e+12
3.40282e+38
3.40282e+38
3.40282e+38
3.40282e+38
3.40282e+38
3.40282e+38
4.76946e+12
3.40282e+38
3.40282e+38
3.40282e+38
3.40282e+38
4.84708e+12
3.40282e+38
3.40282e+38
3.40282e+38
3.40282e+38
 4.9098e+12
3.40282e+38
4.47529e+12
3.40282e+38
3.40282e+38
3.40282e+38
3.40282e+38
3.40282e+38
3.40282e+38
3.40282e+38
3.40282e+38
3.40282e+38
3.40282e+38
3.40282e+38
3.40282e+38
3.40282e+38
3.40282e+38
3.40282e+38
4.49375e+12
3.40282e+38
3.40282e+38
3.40282e+38
3.40282e+38
3.40282e+38
3.17069e+12
3.40282e+38
3.40282e+38
3.02435e+12
3.40282e+38
3.40282e+38
4.52462e+12
3.40282e+38
3.40282e+38
3.40282e+38
3.40282e+38
3.40282e+38
3.40282e+38
3.40282e+38
3.40282e+38
5.34979e+12
3.40282e+38
3.40282e+38
3.40282e+38
3.40282e+38
3.40282e+38
3.40282e+38
3.40282e+38
3.40282e+38
3.40282e+38
4.60133e+12
3.40282e+38
3.40282e+38
3.40282e+38
3.40282e+38
3.40282e+38
3.40282e+38
3.40282e+38
3.40282e+38
3.40282e+38
5.88683e+12
3.40282e+38
3.40282e+38
3.40282e+38
3.40282e+38
5.18157e+12
  4.491e+12
3.40282e+38
4.40102e+12
3.40282e+38
3.40282e+38
3.40282e+38
4.50266e+12
3.40282e+38
3.40282e+38
3.40282e+38
3.40282e+38
3.40282e+38
3.40282e+38
3.40282e+38
3.40282e+38
5.69721e+12
3.40282e+38
3.40282e+38
4.48612e+12
3.40282e+38
3.40282e+38
3.40282e+38
3.40282e+38
3.40282e+38
3.40282e+38
3.40282e+38
3.40282e+38
3.40282e+38
3.40282e+38
3.40282e+38
3.40282e+38
3.40282e+38
4.50899e+12
3.40282e+38
3.40282e+38
4.41471e+12
3.40282e+38
3.40282e+38
3.40282e+38
3.40282e+38
4.08714e+12
3.40282e+38
 4.5095e+12
4.22147e+12
3.40282e+38
3.40282e+38
3.40282e+38
3.40282e+38
3.40282e+38
3.40282e+38
6.61353e+12
4.64736e+12
3.40282e+38
3.40282e+38
3.40282e+38
3.40282e+38
3.40282e+38
3.40282e+38
3.40282e+38
3.40282e+38
3.40282e+38
3.40282e+38
3.40282e+38
5.67069e+12
3.40282e+38
3.40282e+38
3.40282e+38
3.40282e+38
3.40282e+38
3.40282e+38
4.52462e+12
3.40282e+38
3.40282e+38
3.40282e+38
3.40282e+38
3.40282e+38
3.40282e+38
3.40282e+38
1.80916e+12
3.40282e+38
3.40282e+38
3.40282e+38
3.40282e+38
1.21542e+12
4.48687e+12
3.40282e+38
3.40282e+38
3.40282e+38
4.51298e+12
3.40282e+38
 4.4909e+12
3.40282e+38
6.88927e+12
3.40282e+38
3.40282e+38
3.40282e+38
3.40282e+38
3.40282e+38
3.40282e+38
5.27496e+12
3.40282e+38
4.47193e+12
4.59318e+12
3.40282e+38
3.40282e+38
3.40282e+38
3.40282e+38
5.91276e+12
4.49979e+12
3.15789e+12
3.40282e+38
3.40282e+38
3.40282e+38
3.40282e+38
3.40282e+38
3.40282e+38
3.40282e+38
3.40282e+38
5.68506e+12
2.23281e+12
4.48356e+12
 4.4664e+12
3.40282e+38
4.50334e+12
 4.6004e+12
5.86242e+12
3.40282e+38
3.40282e+38
3.40282e+38
3.40282e+38
3.40282e+38
3.40282e+38
4.47561e+12
3.42081e+12
3.40282e+38
3.40282e+38
3.40282e+38
4.36661e+12
3.40282e+38
3.40282e+38
4.98218e+12
3.40282e+38
3.40282e+38
3.40282e+38
1.84711e+12
3.40282e+38
3.40282e+38
4.48561e+12
3.40282e+38
3.40282e+38
2.94338e+12
3.40282e+38
3.40282e+38
3.40282e+38
3.40282e+38
3.40282e+38
3.40282e+38
3.40282e+38
3.40282e+38
3.40282e+38
3.40282e+38
3.40282e+38
3.40282e+38
4.58132e+12
5.22613e+12
3.40282e+38
3.40282e+38
3.40282e+38
3.40282e+38
4.52905e+12
3.40282e+38
5.62871e+12
3.40282e+38
3.40282e+38
3.40282e+38
3.40282e+38
3.40282e+38
3.40282e+38
3.40282e+38
3.40282e+38
3.40282e+38
3.40282e+38
4.59956e+12
3.40282e+38
 4.5857e+12
3.40282e+38
4.48756e+12
3.40282e+38
3.40282e+38
3.40282e+38
3.40282e+38
3.40282e+38
3.40282e+38
3.40282e+38
3.40282e+38
3.40282e+38
3.40282e+38
3.40282e+38
5.15634e+12
3.40282e+38
3.40282e+38
3.02152e+12
3.40282e+38
3.40282e+38
3.40282e+38
3.40282e+38
3.40282e+38
5.06393e+12
3.40282e+38
3.40282e+38
3.40282e+38
 4.5946e+12
3.40282e+38
3.40282e+38
3.40282e+38
3.40282e+38
3.40282e+38
3.40282e+38
4.49106e+12
3.40282e+38
3.40282e+38
3.40282e+38
3.34512e+12
4.68622e+12
4.31254e+12
3.40282e+38
3.40282e+38
3.40282e+38
4.41763e+12
3.40282e+38
3.40282e+38
3.40282e+38
4.56142e+12
4.51014e+12
5.40769e+12
3.40282e+38
3.40282e+38
2.65315e+12
3.40282e+38
3.40282e+38
4.49712e+12
3.40282e+38
3.40282e+38
3.40282e+38
3.40282e+38
3.40282e+38
3.40282e+38
1.64569e+12
3.40282e+38
3.40282e+38
3.40282e+38
3.40282e+38
3.40282e+38
3.40282e+38
 2.0501e+12
3.40282e+38
4.84882e+12
2.17056e+12
3.40282e+38
3.40282e+38
4.17588e+12
3.40282e+38
3.40282e+38
3.40282e+38
3.40282e+38
2.85324e+12
3.40282e+38
 4.4986e+12
3.40282e+38
3.40282e+38
3.40282e+38
3.40282e+38
1.75087e+12
3.40282e+38
3.40282e+38
3.40282e+38
3.40282e+38
3.40282e+38
3.40282e+38
4.50408e+12
2.21191e+12
2.17565e+12
3.52637e+12
3.40282e+38
3.40282e+38
3.40282e+38
  3.219e+12
3.40282e+38
4.61511e+12
3.40282e+38
 4.2591e+12
3.40282e+38
3.40282e+38
4.69383e+12
3.40282e+38
3.40282e+38
3.40282e+38
3.40282e+38
3.40282e+38
4.44197e+12
4.15207e+12
6.12591e+12
3.40282e+38
3.40282e+38
6.72374e+12
3.40282e+38
3.40282e+38
3.40282e+38
3.40282e+38
3.40282e+38
3.40282e+38
3.40282e+38
3.40282e+38
4.55011e+12
4.09636e+12
3.40282e+38
3.40282e+38
1.35944e+12
3.40282e+38
3.40282e+38
3.40282e+38
3.40282e+38
3.40282e+38
3.40282e+38
3.40282e+38
3.40282e+38
5.93587e+12
3.40282e+38
3.40282e+38
3.40282e+38
3.40282e+38
3.40282e+38
3.40282e+38
3.40282e+38
3.40282e+38
3.40282e+38
3.40282e+38
3.40282e+38
3.40282e+38
3.40282e+38
3.40282e+38
3.40282e+38
3.40282e+38
3.40282e+38
3.40282e+38
3.40282e+38
3.40282e+38
3.40282e+38
3.40282e+38
3.40282e+38
3.40282e+38
3.40282e+38
3.40282e+38
3.40282e+38
3.40282e+38
3.40282e+38
3.40282e+38
3.40282e+38
3.40282e+38
4.77285e+12
3.40282e+38
3.40282e+38
3.40282e+38
3.40282e+38
3.40282e+38
3.40282e+38
3.40282e+38
3.40282e+38
4.94168e+12
3.40282e+38
 6.2028e+12
4.54381e+12
3.40282e+38
 4.5066e+12
3.40282e+38
3.40282e+38
3.40282e+38
3.40282e+38
4.42193e+12
3.40282e+38
4.49254e+12
3.40282e+38
4.46638e+12
2.34942e+12
4.43885e+12
4.47743e+12
3.40282e+38
3.40282e+38
3.40282e+38
6.08178e+12
4.49629e+12
3.40282e+38
3.40282e+38
3.40282e+38
3.40282e+38
3.40282e+38
3.40282e+38
3.40282e+38
3.40282e+38
3.40282e+38
1.82418e+12
3.40282e+38
3.40282e+38
3.40282e+38
3.40282e+38
3.40282e+38
3.40282e+38
3.40282e+38
3.40282e+38
3.40282e+38
3.40282e+38
3.40282e+38
2.08944e+12
3.40282e+38
4.46253e+12
3.40282e+38
3.40282e+38
4.55939e+12
3.40282e+38
3.40282e+38
3.40282e+38
3.40282e+38
3.40282e+38
3.40282e+38
 4.1227e+12
3.40282e+38
3.40282e+38
3.40282e+38
3.40282e+38
3.40282e+38
4.55918e+12
4.53959e+12
3.40282e+38
3.40282e+38
3.40282e+38
3.40282e+38
3.40282e+38
4.40939e+12
3.72435e+12
3.40282e+38
 3.9093e+12
4.52956e+12
3.40282e+38
3.40282e+38
3.40282e+38
3.40282e+38
3.40282e+38
3.40282e+38
3.40282e+38
3.40282e+38
4.45304e+12
3.40282e+38
3.40282e+38
3.80646e+12
3.40282e+38
5.76258e+12
3.40282e+38
3.40282e+38
3.40282e+38
3.40282e+38
3.40282e+38
5.44312e+12
3.40282e+38
5.91059e+12
3.40282e+38
3.40282e+38
3.40282e+38
1.38964e+12
3.40282e+38
3.40282e+38
3.40282e+38
2.14766e+12
3.40282e+38
3.40282e+38
3.40282e+38
3.40282e+38
5.63011e+12
3.40282e+38
3.40282e+38
3.40282e+38
3.40282e+38
3.40282e+38
3.40282e+38
3.40282e+38
3.40282e+38
4.56814e+12
3.40282e+38
3.40282e+38
4.82079e+12
4.57669e+12
3.40282e+38
5.16794e+12
4.72375e+12
3.40282e+38
3.40282e+38
3.40282e+38
3.40282e+38
3.40282e+38
3.40282e+38
3.40282e+38
3.40282e+38
3.40282e+38
3.40282e+38
4.46286e+12
3.40282e+38
3.40282e+38
3.40282e+38
3.40282e+38
3.40282e+38
3.40282e+38
3.40282e+38
5.85232e+12
3.40282e+38
3.40282e+38
3.40282e+38
3.40282e+38
3.40282e+38
3.40282e+38
3.40282e+38
3.40282e+38
3.40282e+38
3.40282e+38
3.40282e+38
3.40282e+38
3.40282e+38
3.40282e+38
3.40282e+38
3.40282e+38
3.40282e+38
3.40282e+38
3.40282e+38
3.40282e+38
3.40282e+38
3.40282e+38
4.45998e+12
3.40282e+38
3.40282e+38
3.40282e+38
3.40282e+38
3.40282e+38
3.40282e+38
3.40282e+38
3.40282e+38
3.40282e+38
3.40282e+38
4.41262e+12
3.40282e+38
3.40282e+38
3.40282e+38
4.46283e+12
3.40282e+38
4.38477e+12
3.40282e+38
3.40282e+38
3.40282e+38
3.40282e+38
3.40282e+38
3.40282e+38
3.40282e+38
3.40282e+38
3.40282e+38
3.40282e+38
3.40282e+38
3.40282e+38
6.55011e+12
3.40282e+38
 1.4482e+12
3.40282e+38
3.40282e+38
6.23684e+12
3.40282e+38
3.40282e+38
3.40282e+38
4.49637e+12
4.49428e+12
3.40282e+38
3.40282e+38
3.40282e+38
3.40282e+38
3.40282e+38
3.40282e+38
3.40282e+38
3.40282e+38
3.40282e+38
  3.255e+12
4.50148e+12
3.40282e+38
3.40282e+38
3.40282e+38
3.40282e+38
3.40282e+38
3.40282e+38
3.40282e+38
6.24657e+12
3.40282e+38
3.40282e+38
3.40282e+38
3.40282e+38
  5.052e+12
 6.4572e+12
 4.4695e+12
 6.6704e+12
3.40282e+38
4.74192e+12
3.40282e+38
4.81072e+12
3.40282e+38
3.40282e+38
5.02093e+12
3.40282e+38
3.40282e+38
3.40282e+38
3.40282e+38
4.52282e+12
3.40282e+38
3.40282e+38
3.40282e+38
3.40282e+38
3.40282e+38
3.40282e+38
2.44597e+12
3.40282e+38
3.40282e+38
3.40282e+38
3.40282e+38
3.40282e+38
3.40282e+38
3.40282e+38
3.40282e+38
6.14782e+12
3.40282e+38
3.40282e+38
3.40282e+38
4.61482e+12
3.40282e+38
5.94172e+12
3.40282e+38
4.49884e+12
3.40282e+38
3.40282e+38
3.40282e+38
3.40282e+38
 4.4886e+12
3.40282e+38
3.40282e+38
3.40282e+38
3.40282e+38
3.40282e+38
4.48818e+12
3.40282e+38
3.40282e+38
3.40282e+38
3.40282e+38
3.40282e+38
3.40282e+38
3.40282e+38
5.09094e+12
3.40282e+38
3.40282e+38
4.49315e+12
3.40282e+38
3.40282e+38
3.40282e+38
4.49681e+12
4.54555e+12
4.61691e+12
3.40282e+38
3.40282e+38
3.40282e+38
3.40282e+38
3.40282e+38
3.40282e+38
4.50271e+12
3.40282e+38
4.37304e+12
3.40282e+38
3.40282e+38
3.40282e+38
3.40282e+38
3.40282e+38
4.04128e+12
3.40282e+38
3.40282e+38
3.40282e+38
3.40282e+38
4.23345e+12
3.40282e+38
3.40282e+38
3.40282e+38
3.40282e+38
3.40282e+38
3.40282e+38
3.40282e+38
3.40282e+38
3.40282e+38
3.40282e+38
3.40282e+38
3.40282e+38
3.40282e+38
3.40282e+38
5.22882e+12
3.40282e+38
3.40282e+38
3.40282e+38
3.40282e+38
3.40282e+38
3.40282e+38
3.40282e+38
4.49165e+12
3.40282e+38
4.91344e+12
3.40282e+38
3.40282e+38
3.40282e+38
3.40282e+38
3.40282e+38
3.40282e+38
3.40282e+38
3.40282e+38
3.40282e+38
3.40282e+38
3.40282e+38
3.40282e+38
3.40282e+38
3.40282e+38
3.40282e+38
3.40282e+38
3.40282e+38
 4.4745e+12
5.45861e+12
3.40282e+38
3.40282e+38
3.40282e+38
3.40282e+38
3.40282e+38
3.40282e+38
4.46161e+12
3.40282e+38
4.34906e+12
4.45183e+12
4.43465e+12
3.40282e+38
4.25969e+12
4.65104e+12
4.38724e+12
3.40282e+38
3.40282e+38
3.40282e+38
3.40282e+38
3.40282e+38
2.94125e+12
3.40282e+38
3.40282e+38
3.40282e+38
3.40282e+38
3.40282e+38
3.40282e+38
3.40282e+38
3.40282e+38
3.40282e+38
3.40282e+38
1.91109e+12
3.40282e+38
3.40282e+38
3.40282e+38
3.40282e+38
3.40282e+38
3.40282e+38
3.40282e+38
3.40282e+38
3.40282e+38
3.40282e+38
5.00136e+12
3.40282e+38
3.40282e+38
4.40633e+12
3.40282e+38
3.40282e+38
3.40282e+38
3.40282e+38
2.23234e+12
3.40282e+38
3.40282e+38
3.40282e+38
3.40282e+38
3.40282e+38
3.40282e+38
3.40282e+38
3.40282e+38
3.40282e+38
3.40282e+38
3.40282e+38
3.40282e+38
3.40282e+38
3.40282e+38
3.40282e+38
3.40282e+38
3.40282e+38
3.40282e+38
3.40282e+38
3.40282e+38
3.40282e+38
 4.4235e+12
3.40282e+38
3.40282e+38
4.37642e+12
4.24629e+12
3.40282e+38
3.40282e+38
3.40282e+38
3.40282e+38
3.40282e+38
3.40282e+38
3.40282e+38
3.40282e+38
3.40282e+38
3.40282e+38
3.40282e+38
3.40282e+38
3.40282e+38
3.40282e+38
