Gen,Fevals,gbest,Mean Vel.,Mean lbest,Avg. Dist.
1,10,1.08833e+13,0.413087,1.27395e+13,0.856583
2,20,5.193e+12,0.277662,1.20145e+13,0.927375
3,30,5.193e+12,0.144937,1.14005e+13,0.769295
4,40,5.193e+12,0.102953,1.06966e+13,0.778282
5,50,3.4365e+12,0.139713,9.25258e+12,0.895594
6,60,3.4365e+12,0.0637817,8.50802e+12,0.735807
7,70,3.4365e+12,0.0392796,7.92807e+12,0.567892
8,80,3.4365e+12,0.0486051,7.03268e+12,0.442864
9,90,3.4365e+12,0.0461473,6.58136e+12,0.416218
10,100,3.4365e+12,0.0759645,5.96293e+12,0.339197
11,110,3.43306e+12,0.0392543,5.75795e+12,0.354367
12,120,3.43306e+12,0.0511777,5.11379e+12,0.324924
13,130,3.39261e+12,0.0380328,4.71812e+12,0.32476
14,140,3.39261e+12,0.0177474,4.71812e+12,0.34247
15,150,3.16727e+12,0.0495076,4.46571e+12,0.27502
16,160,3.16727e+12,0.0296489,4.46571e+12,0.325077
17,170,3.16727e+12,0.0317996,4.4633e+12,0.268901
18,180,3.16727e+12,0.0340742,3.78067e+12,0.316629
19,190,3.16727e+12,0.0361749,3.78067e+12,0.242795
20,200,3.16727e+12,0.0102287,3.78067e+12,0.194922
21,210,3.16727e+12,0.0427482,3.718e+12,0.224315
22,220,3.16727e+12,0.0122524,3.718e+12,0.357233
23,230,2.77566e+12,0.0492037,3.62328e+12,0.277452
24,240,2.77566e+12,0.0319719,3.62328e+12,0.216192
25,250,2.77566e+12,0.032169,3.62328e+12,0.1583
26,260,2.77566e+12,0.0291542,3.62328e+12,0.178969
27,270,2.28179e+12,0.0321163,3.49256e+12,0.300099
28,280,2.28179e+12,0.0113383,3.49256e+12,0.228829
29,290,2.28179e+12,0.0410879,3.49256e+12,0.111921
30,300,2.28179e+12,0.0151675,3.49256e+12,0.219567
31,310,2.28179e+12,0.0335579,3.49256e+12,0.209897
32,320,2.28179e+12,0.0139788,3.49256e+12,0.254717
33,330,2.28179e+12,0.0260083,3.49256e+12,0.220465
34,340,2.28179e+12,0.0278713,3.49256e+12,0.186323
35,350,2.28179e+12,0.0237473,3.48579e+12,0.260741
36,360,2.28179e+12,0.0111963,3.47726e+12,0.2489
37,370,2.28179e+12,0.0227189,3.47726e+12,0.18841
38,380,2.28179e+12,0.00998921,3.47493e+12,0.193264
39,390,2.28179e+12,0.018746,3.38405e+12,0.182338
40,400,2.28179e+12,0.0114969,3.38405e+12,0.237977
41,410,2.28179e+12,0.0236809,3.3456e+12,0.165457
42,420,2.28179e+12,0.0240185,3.3283e+12,0.175259
43,430,2.28179e+12,0.0274761,3.3283e+12,0.221285
44,440,2.28179e+12,0.0194627,3.3283e+12,0.233201
45,450,2.28179e+12,0.0186471,3.28004e+12,0.198938
46,460,2.28179e+12,0.0273362,3.2378e+12,0.124226
47,470,2.28179e+12,0.0137764,3.2008e+12,0.120181
48,480,2.28179e+12,0.0244839,3.2008e+12,0.180097
49,490,2.28179e+12,0.00526216,3.17419e+12,0.132585
50,500,2.28179e+12,0.0207819,3.08839e+12,0.0810174
51,510,2.28179e+12,0.00716247,3.08839e+12,0.14267
52,520,2.28179e+12,0.0109726,3.08839e+12,0.166912
53,530,2.28179e+12,0.0112971,3.08839e+12,0.164236
54,540,2.28179e+12,0.00566312,3.08839e+12,0.103092
55,550,2.28179e+12,0.00987834,3.08839e+12,0.136085
56,560,2.28179e+12,0.0039527,3.08728e+12,0.140638
57,570,2.28179e+12,0.0198835,3.08728e+12,0.167844
58,580,2.28179e+12,0.00369698,3.08728e+12,0.133607
59,590,2.28179e+12,0.00458496,3.08728e+12,0.121106
60,600,2.28179e+12,0.0121365,3.08728e+12,0.157584
61,610,2.28179e+12,0.00601036,3.08728e+12,0.200838
62,620,2.28179e+12,0.00953707,3.07995e+12,0.147034
63,630,2.28179e+12,0.00172227,3.07995e+12,0.104943
64,640,2.28179e+12,0.00878003,2.9931e+12,0.112163
65,650,2.28179e+12,0.0107756,2.9931e+12,0.144204
66,660,2.28179e+12,0.00406341,2.9931e+12,0.122801
67,670,2.28179e+12,0.0151568,2.9931e+12,0.125434
68,680,2.28179e+12,0.00486029,2.9931e+12,0.159514
69,690,2.28179e+12,0.0156473,2.99059e+12,0.123283
70,700,2.28179e+12,0.014725,2.99059e+12,0.0959362
71,710,2.28179e+12,0.00758028,2.99059e+12,0.162579
72,720,2.28179e+12,0.015037,2.99059e+12,0.181979
73,730,2.28179e+12,0.00829273,2.99059e+12,0.100333
74,740,2.28179e+12,0.00994489,2.91259e+12,0.0973594
75,750,2.28179e+12,0.00771702,2.91259e+12,0.0824169
76,760,2.28179e+12,0.00461139,2.91259e+12,0.0825448
77,770,2.28179e+12,0.0101053,2.91259e+12,0.114739
78,780,2.28179e+12,0.0123078,2.91259e+12,0.126123
79,790,2.28179e+12,0.00639997,2.87261e+12,0.106606
80,800,2.28179e+12,0.00939636,2.87261e+12,0.157022
81,810,2.28179e+12,0.0162733,2.87261e+12,0.119833
82,820,2.28179e+12,0.0127733,2.87261e+12,0.109453
83,830,2.28179e+12,0.0104181,2.86735e+12,0.0968071
84,840,2.28179e+12,0.0123998,2.86735e+12,0.128526
85,850,2.28179e+12,0.00432671,2.86735e+12,0.103981
86,860,2.28179e+12,0.0107652,2.86735e+12,0.105947
87,870,2.28179e+12,0.0149532,2.86386e+12,0.120303
88,880,2.28179e+12,0.0198685,2.86386e+12,0.105956
89,890,2.28179e+12,0.00546875,2.86386e+12,0.119991
90,900,2.28179e+12,0.0112455,2.86386e+12,0.130326
91,910,2.28179e+12,0.00707027,2.81586e+12,0.120132
92,920,2.28179e+12,0.0148695,2.79899e+12,0.0960506
93,930,2.28179e+12,0.0114484,2.79899e+12,0.101695
94,940,2.28179e+12,0.00952782,2.79899e+12,0.137599
95,950,2.28179e+12,0.0115278,2.79899e+12,0.129535
96,960,2.28179e+12,0.00630004,2.79899e+12,0.090567
97,970,2.28179e+12,0.0145835,2.79899e+12,0.0852877
98,980,2.28179e+12,0.00915253,2.79899e+12,0.128136
99,990,2.28179e+12,0.0208267,2.78123e+12,0.145496
100,1000,2.28179e+12,0.00269847,2.78123e+12,0.110407
101,1010,2.28179e+12,0.0172706,2.78123e+12,0.0991171
102,1020,2.28179e+12,0.00555408,2.78123e+12,0.0948944
103,1030,2.28179e+12,0.00791076,2.78123e+12,0.11405
104,1040,2.28179e+12,0.00461566,2.76473e+12,0.10769
105,1050,2.28179e+12,0.010417,2.76473e+12,0.0949106
106,1060,2.28179e+12,0.00640561,2.76473e+12,0.0888978
107,1070,2.28179e+12,0.00205657,2.76473e+12,0.127505
108,1080,2.28179e+12,0.00331223,2.76473e+12,0.131004
109,1090,2.28179e+12,0.0149035,2.71773e+12,0.0850799
110,1100,2.28179e+12,0.00267015,2.71773e+12,0.0765877
111,1110,2.27316e+12,0.00168909,2.71687e+12,0.105114
112,1120,2.27316e+12,0.00331477,2.71687e+12,0.110859
113,1130,2.27316e+12,0.00735622,2.67872e+12,0.0998338
114,1140,2.27316e+12,0.00753302,2.67872e+12,0.0765939
115,1150,2.27316e+12,0.00421948,2.67872e+12,0.096836
116,1160,2.27316e+12,0.00625518,2.67872e+12,0.0790375
117,1170,2.27316e+12,0.00187661,2.67872e+12,0.099559
118,1180,2.27316e+12,0.00731991,2.67872e+12,0.115152
119,1190,2.27316e+12,0.00262201,2.67872e+12,0.133176
120,1200,2.27316e+12,0.00508064,2.67872e+12,0.111074
121,1210,2.27316e+12,0.000805474,2.67872e+12,0.105448
122,1220,2.27316e+12,0.00567081,2.67872e+12,0.126669
123,1230,2.27316e+12,0.00129212,2.67872e+12,0.105934
124,1240,2.27316e+12,0.00315259,2.67872e+12,0.0892246
125,1250,2.27316e+12,0.00208081,2.67872e+12,0.138537
126,1260,2.27316e+12,0.00336737,2.67872e+12,0.0993802
127,1270,2.27316e+12,0.00179302,2.67872e+12,0.120594
128,1280,2.27316e+12,0.00213773,2.67872e+12,0.150043
129,1290,2.27316e+12,0.00126274,2.67872e+12,0.200223
130,1300,2.27316e+12,0.00209933,2.60188e+12,0.0803865
131,1310,2.27316e+12,0.00196202,2.60188e+12,0.14872
132,1320,2.27316e+12,0.00100955,2.60188e+12,0.0746636
133,1330,2.27316e+12,0.00262014,2.60188e+12,0.136532
134,1340,2.27316e+12,0.00247385,2.60188e+12,0.166484
135,1350,2.27316e+12,0.002267,2.60186e+12,0.0883766
136,1360,2.27316e+12,0.00393061,2.60186e+12,0.125902
137,1370,2.27316e+12,0.00146355,2.60186e+12,0.105185
138,1380,2.27316e+12,0.0039141,2.60186e+12,0.141114
139,1390,2.27316e+12,0.00209307,2.60186e+12,0.111023
140,1400,2.27316e+12,0.00559648,2.60186e+12,0.098858
141,1410,2.27316e+12,0.00140809,2.60186e+12,0.0897529
142,1420,2.27316e+12,0.00370485,2.60186e+12,0.105632
143,1430,2.27316e+12,0.0017187,2.60186e+12,0.122303
144,1440,2.27316e+12,0.00434184,2.60186e+12,0.094262
145,1450,2.27316e+12,0.00138077,2.60186e+12,0.0798632
146,1460,2.27316e+12,0.0034263,2.60186e+12,0.093476
147,1470,2.27316e+12,0.00115352,2.60186e+12,0.116775
148,1480,2.27316e+12,0.0014414,2.60186e+12,0.0565912
149,1490,2.27316e+12,0.00280999,2.60186e+12,0.0625832
150,1500,2.27316e+12,0.000967075,2.60186e+12,0.0893789
151,1510,2.27316e+12,0.00270098,2.60186e+12,0.0903167
152,1520,2.27316e+12,0.00110205,2.60186e+12,0.0646507
153,1530,2.27316e+12,0.0010344,2.60186e+12,0.0817089
154,1540,2.27316e+12,0.000865826,2.60186e+12,0.0880932
155,1550,2.27316e+12,0.000877343,2.60186e+12,0.117977
156,1560,2.27316e+12,0.00216287,2.60186e+12,0.11438
157,1570,2.27316e+12,0.00166995,2.60186e+12,0.0759993
158,1580,2.27316e+12,0.00360844,2.60186e+12,0.0788467
159,1590,2.27316e+12,0.00172354,2.60186e+12,0.117927
160,1600,2.27316e+12,0.00350319,2.60186e+12,0.081651
161,1610,2.27316e+12,0.00263343,2.60186e+12,0.0634821
162,1620,2.27316e+12,0.00197666,2.60186e+12,0.0899826
163,1630,2.27316e+12,0.00161277,2.60186e+12,0.0875723
164,1640,2.27316e+12,0.00274852,2.60186e+12,0.0603112
165,1650,2.27316e+12,0.00131475,2.60186e+12,0.0859289
166,1660,2.27316e+12,0.00134328,2.60186e+12,0.0871656
167,1670,2.27316e+12,0.00223212,2.60186e+12,0.0934627
168,1680,2.27316e+12,0.000792101,2.60186e+12,0.104147
169,1690,2.27316e+12,0.00171785,2.60186e+12,0.0937397
170,1700,2.27316e+12,0.00166095,2.60186e+12,0.0740826
171,1710,2.27316e+12,0.00250346,2.60186e+12,0.0808815
172,1720,2.27316e+12,0.00151937,2.60186e+12,0.0833604
173,1730,2.27316e+12,0.00162032,2.60186e+12,0.0730945
174,1740,2.27316e+12,0.00169637,2.60186e+12,0.0769293
175,1750,2.27316e+12,0.00185999,2.60186e+12,0.0825713
176,1760,2.27316e+12,0.00130734,2.60186e+12,0.0823771
177,1770,2.27316e+12,0.00155165,2.60186e+12,0.0602992
178,1780,2.27316e+12,0.00185908,2.60186e+12,0.0869819
179,1790,2.27316e+12,0.00339578,2.60186e+12,0.0981058
180,1800,2.27316e+12,0.00270198,2.60186e+12,0.117119
181,1810,2.27316e+12,0.00151473,2.60186e+12,0.071159
182,1820,2.27316e+12,0.00229779,2.60186e+12,0.0884987
183,1830,2.27316e+12,0.00185759,2.60186e+12,0.0953666
184,1840,2.27316e+12,0.00263045,2.60186e+12,0.100005
185,1850,2.27316e+12,0.00165552,2.60186e+12,0.0749892
186,1860,2.27316e+12,0.0016568,2.60186e+12,0.0935932
187,1870,2.27316e+12,0.00275935,2.60186e+12,0.113122
188,1880,2.27316e+12,0.00249813,2.60186e+12,0.0722598
189,1890,2.27316e+12,0.00189811,2.60186e+12,0.066651
190,1900,2.27316e+12,0.00442061,2.60186e+12,0.0771513
191,1910,2.27316e+12,0.00366845,2.60186e+12,0.106206
192,1920,2.27316e+12,0.00267099,2.60186e+12,0.0856297
193,1930,2.27316e+12,0.00406324,2.60186e+12,0.0684965
194,1940,2.27316e+12,0.00178023,2.60186e+12,0.0808322
195,1950,2.27316e+12,0.000744798,2.60186e+12,0.107149
196,1960,2.27316e+12,0.00236627,2.60186e+12,0.0974872
197,1970,2.27316e+12,0.00243922,2.60186e+12,0.0719027
198,1980,2.27316e+12,0.00226308,2.60186e+12,0.102631
199,1990,2.27316e+12,0.00359871,2.60186e+12,0.0967188
200,2000,2.27316e+12,0.00208438,2.60186e+12,0.0859337
201,2010,2.27316e+12,0.00595301,2.60186e+12,0.0651909
202,2020,2.27316e+12,0.00181601,2.60186e+12,0.0999208
203,2030,2.27316e+12,0.00309444,2.60186e+12,0.11351
204,2040,2.27316e+12,0.00266876,2.60186e+12,0.078686
205,2050,2.27316e+12,0.00166197,2.60186e+12,0.0739455
206,2060,2.27316e+12,0.00327057,2.60025e+12,0.0689192
207,2070,2.27316e+12,0.00222765,2.60025e+12,0.0961931
208,2080,2.27316e+12,0.00199513,2.58368e+12,0.0880988
209,2090,2.27316e+12,0.00333687,2.58368e+12,0.0800452
210,2100,2.25982e+12,0.00259305,2.57815e+12,0.0787067
211,2110,2.25982e+12,0.00109517,2.57815e+12,0.0783813
212,2120,2.25982e+12,0.00454842,2.57815e+12,0.0744004
213,2130,2.25982e+12,0.00194701,2.57815e+12,0.0795745
214,2140,2.25982e+12,0.00376959,2.57815e+12,0.0624132
215,2150,2.25982e+12,0.00290166,2.57623e+12,0.094077
216,2160,2.25982e+12,0.0018407,2.57623e+12,0.0844756
217,2170,2.25982e+12,0.00274448,2.57623e+12,0.0813644
218,2180,2.25982e+12,0.00256427,2.57623e+12,0.0814103
219,2190,2.25982e+12,0.00246419,2.57623e+12,0.0499739
220,2200,2.25982e+12,0.00290242,2.57623e+12,0.0693523
221,2210,2.25982e+12,0.0017859,2.57623e+12,0.104597
222,2220,2.25982e+12,0.00233208,2.57623e+12,0.0594559
223,2230,2.25982e+12,0.0020338,2.57623e+12,0.0538954
224,2240,2.25982e+12,0.0018513,2.57623e+12,0.0702722
225,2250,2.25982e+12,0.00297406,2.57623e+12,0.0831024
226,2260,2.25982e+12,0.00216357,2.57623e+12,0.0740199
227,2270,2.25982e+12,0.0013175,2.57623e+12,0.0444205
228,2280,2.25982e+12,0.00132948,2.57623e+12,0.0454159
229,2290,2.25982e+12,0.00278167,2.57623e+12,0.0553942
230,2300,2.25982e+12,0.00251268,2.57623e+12,0.0532303
231,2310,2.25982e+12,0.00340864,2.57623e+12,0.0747332
232,2320,2.25982e+12,0.00290915,2.57623e+12,0.0921911
233,2330,2.25982e+12,0.00270725,2.57623e+12,0.0743782
234,2340,2.25982e+12,0.00323119,2.57623e+12,0.0856688
235,2350,2.25982e+12,0.0020012,2.57623e+12,0.0859694
236,2360,2.25982e+12,0.00322343,2.57623e+12,0.0624257
237,2370,2.25982e+12,0.00338447,2.57623e+12,0.0525292
238,2380,2.25982e+12,0.00414031,2.57623e+12,0.0514402
239,2390,2.25982e+12,0.00278794,2.57623e+12,0.0677809
240,2400,2.25982e+12,0.0029518,2.57623e+12,0.0700343
241,2410,2.25982e+12,0.00266852,2.57623e+12,0.0586459
242,2420,2.25982e+12,0.00230398,2.57623e+12,0.0517008
243,2430,2.25982e+12,0.00208707,2.57623e+12,0.0517845
244,2440,2.25982e+12,0.0023156,2.57623e+12,0.0819384
245,2450,2.25982e+12,0.00173313,2.57623e+12,0.0780234
246,2460,2.25982e+12,0.00365851,2.57623e+12,0.0633217
247,2470,2.25982e+12,0.00207073,2.56182e+12,0.0746882
248,2480,2.25982e+12,0.00515229,2.56182e+12,0.067095
249,2490,2.25982e+12,0.000973859,2.56182e+12,0.061305
250,2500,2.25982e+12,0.00780982,2.56182e+12,0.0838521
251,2510,2.25982e+12,0.00358527,2.56182e+12,0.0913005
252,2520,2.25982e+12,0.00627385,2.56182e+12,0.0659099
253,2530,2.25982e+12,0.00255804,2.56182e+12,0.110164
254,2540,2.25982e+12,0.0064928,2.56182e+12,0.0694133
255,2550,2.25982e+12,0.00305376,2.56182e+12,0.085535
256,2560,2.25982e+12,0.00465199,2.56182e+12,0.0805743
257,2570,2.25982e+12,0.00312019,2.56182e+12,0.0534113
258,2580,2.25982e+12,0.00351475,2.56182e+12,0.0534055
259,2590,2.25982e+12,0.00197468,2.56182e+12,0.0720629
260,2600,2.25982e+12,0.00233003,2.56182e+12,0.0974746
261,2610,2.25982e+12,0.0013578,2.56182e+12,0.0665521
262,2620,2.25982e+12,0.00132558,2.56182e+12,0.0694923
263,2630,2.25982e+12,0.00174674,2.56182e+12,0.0743114
264,2640,2.25982e+12,0.00156593,2.56182e+12,0.0637189
265,2650,2.25982e+12,0.00215571,2.56182e+12,0.074312
266,2660,2.25982e+12,0.00190521,2.56182e+12,0.0650687
267,2670,2.25982e+12,0.00271616,2.56182e+12,0.0538674
268,2680,2.25982e+12,0.00155939,2.56182e+12,0.0645934
269,2690,2.25982e+12,0.00283759,2.56182e+12,0.0607108
270,2700,2.25982e+12,0.00131846,2.56182e+12,0.0878804
271,2710,2.25982e+12,0.00106423,2.56182e+12,0.0821486
272,2720,2.25982e+12,0.00111554,2.56182e+12,0.0521686
273,2730,2.25982e+12,0.00171805,2.56182e+12,0.075895
274,2740,2.25982e+12,0.00203377,2.56182e+12,0.0756607
275,2750,2.25982e+12,0.000991122,2.56182e+12,0.0605587
276,2760,2.25982e+12,0.00120341,2.56182e+12,0.0595806
277,2770,2.25982e+12,0.00161746,2.56182e+12,0.06129
278,2780,2.25982e+12,0.00190868,2.56182e+12,0.0651669
279,2790,2.25982e+12,0.00243418,2.56182e+12,0.0618898
280,2800,2.25982e+12,0.00165916,2.55933e+12,0.051378
281,2810,2.25982e+12,0.00369347,2.55933e+12,0.0699983
282,2820,2.25982e+12,0.00229879,2.55933e+12,0.0717428
283,2830,2.25982e+12,0.00185048,2.55933e+12,0.0547361
284,2840,2.25982e+12,0.00359736,2.55933e+12,0.0733542
285,2850,2.25982e+12,0.000986452,2.55933e+12,0.0699378
286,2860,2.25982e+12,0.00474271,2.55933e+12,0.063558
287,2870,2.25982e+12,0.00179992,2.55933e+12,0.0683878
288,2880,2.25982e+12,0.00274579,2.55933e+12,0.0522509
289,2890,2.25982e+12,0.00148651,2.55933e+12,0.063039
290,2900,2.25982e+12,0.00374476,2.55933e+12,0.0761662
291,2910,2.25982e+12,0.00276007,2.55933e+12,0.0706617
292,2920,2.25982e+12,0.00342147,2.55933e+12,0.0817705
293,2930,2.25982e+12,0.00252852,2.55933e+12,0.0632212
294,2940,2.25982e+12,0.00417337,2.55933e+12,0.0456831
295,2950,2.25982e+12,0.00173314,2.55933e+12,0.069916
296,2960,2.25982e+12,0.00245584,2.55933e+12,0.0801245
297,2970,2.25982e+12,0.00204719,2.55933e+12,0.0533009
298,2980,2.25982e+12,0.00305262,2.55933e+12,0.0616044
299,2990,2.25982e+12,0.00240611,2.55933e+12,0.0890226
300,3000,2.25982e+12,0.00493355,2.55933e+12,0.0804346
301,3010,2.25982e+12,0.00359493,2.55933e+12,0.0501814
302,3020,2.25982e+12,0.00311592,2.55933e+12,0.0477408
303,3030,2.25982e+12,0.00296266,2.55933e+12,0.0730641
304,3040,2.25982e+12,0.00294101,2.55933e+12,0.0780292
305,3050,2.25982e+12,0.00397438,2.55933e+12,0.0583624
306,3060,2.25982e+12,0.00361276,2.55933e+12,0.0561737
307,3070,2.25982e+12,0.00372494,2.55933e+12,0.0675412
308,3080,2.25982e+12,0.00218328,2.55933e+12,0.0581232
309,3090,2.25982e+12,0.00340031,2.55933e+12,0.0605383
310,3100,2.25982e+12,0.00263423,2.55933e+12,0.0654737
311,3110,2.25982e+12,0.00169548,2.55933e+12,0.0792559
312,3120,2.25982e+12,0.00289322,2.55933e+12,0.0587482
313,3130,2.25982e+12,0.00164603,2.55933e+12,0.0610588
314,3140,2.25982e+12,0.00282006,2.55933e+12,0.080106
315,3150,2.25982e+12,0.00208361,2.55933e+12,0.0645247
316,3160,2.25982e+12,0.0008955,2.55933e+12,0.0730946
317,3170,2.25982e+12,0.00379937,2.55933e+12,0.0559601
318,3180,2.25982e+12,0.00155533,2.55933e+12,0.0446552
319,3190,2.25982e+12,0.00349108,2.55933e+12,0.0503642
320,3200,2.25982e+12,0.00236494,2.55933e+12,0.075179
321,3210,2.25982e+12,0.00363682,2.55933e+12,0.070569
322,3220,2.25982e+12,0.00207715,2.55933e+12,0.0334194
323,3230,2.25982e+12,0.00394337,2.5071e+12,0.0603169
324,3240,2.25982e+12,0.0033384,2.5071e+12,0.065064
325,3250,2.25982e+12,0.00271068,2.5071e+12,0.0922161
326,3260,2.25982e+12,0.00476886,2.5071e+12,0.0817188
327,3270,2.25982e+12,0.00311508,2.5071e+12,0.0519782
328,3280,2.25982e+12,0.00416922,2.5071e+12,0.0569809
329,3290,2.25982e+12,0.00298116,2.50351e+12,0.0851586
330,3300,2.25982e+12,0.00236883,2.50351e+12,0.0823601
331,3310,2.25982e+12,0.00231541,2.50351e+12,0.0660033
332,3320,2.25982e+12,0.00241725,2.50351e+12,0.0471207
333,3330,2.25982e+12,0.00230552,2.50351e+12,0.0582752
334,3340,2.25982e+12,0.00182334,2.50351e+12,0.0720564
335,3350,2.25982e+12,0.00321878,2.50351e+12,0.0588477
336,3360,2.25982e+12,0.00231062,2.50351e+12,0.0497174
337,3370,2.25982e+12,0.00315207,2.50351e+12,0.0425717
338,3380,2.25982e+12,0.00353709,2.50351e+12,0.0838984
339,3390,2.25982e+12,0.00337131,2.50351e+12,0.0824938
340,3400,2.25982e+12,0.0031521,2.50351e+12,0.0527388
341,3410,2.25982e+12,0.00451634,2.50351e+12,0.0454954
342,3420,2.25982e+12,0.0024292,2.50351e+12,0.0762382
343,3430,2.25982e+12,0.0065799,2.50351e+12,0.0854972
344,3440,2.25982e+12,0.00178357,2.50351e+12,0.0668137
345,3450,2.25982e+12,0.00737477,2.50351e+12,0.0420848
346,3460,2.25982e+12,0.00247266,2.50351e+12,0.0434595
347,3470,2.25982e+12,0.00748438,2.50351e+12,0.0537935
348,3480,2.25982e+12,0.00293423,2.50351e+12,0.0541651
349,3490,2.25982e+12,0.00465347,2.50351e+12,0.0650034
350,3500,2.25982e+12,0.00358591,2.50351e+12,0.0622443
351,3510,2.25982e+12,0.00266667,2.50351e+12,0.060534
352,3520,2.25982e+12,0.00282736,2.50351e+12,0.0602024
353,3530,2.25982e+12,0.00242246,2.50351e+12,0.0706453
354,3540,2.25982e+12,0.00416997,2.50351e+12,0.0416024
355,3550,2.25982e+12,0.00234072,2.50351e+12,0.0603229
356,3560,2.25982e+12,0.00299512,2.50351e+12,0.0676524
357,3570,2.25982e+12,0.00326064,2.50351e+12,0.0711915
358,3580,2.25982e+12,0.00362133,2.50351e+12,0.043759
359,3590,2.25982e+12,0.00242984,2.50351e+12,0.0646561
360,3600,2.25982e+12,0.00404744,2.50351e+12,0.0586469
361,3610,2.25982e+12,0.0037257,2.50351e+12,0.0690248
362,3620,2.25982e+12,0.00359919,2.50351e+12,0.052804
363,3630,2.25982e+12,0.0047106,2.50351e+12,0.0595842
364,3640,2.25982e+12,0.00329183,2.50351e+12,0.0597029
365,3650,2.25982e+12,0.00427889,2.50351e+12,0.0633824
366,3660,2.25982e+12,0.00332563,2.50351e+12,0.076986
367,3670,2.25982e+12,0.00295079,2.50351e+12,0.0696202
368,3680,2.25982e+12,0.00266474,2.50351e+12,0.0778249
369,3690,2.25982e+12,0.00397259,2.50351e+12,0.0612109
370,3700,2.25982e+12,0.00258783,2.50351e+12,0.0556129
371,3710,2.25982e+12,0.00508783,2.50351e+12,0.0654441
372,3720,2.25982e+12,0.00301956,2.50351e+12,0.0712769
373,3730,2.25982e+12,0.00556779,2.50351e+12,0.0466421
374,3740,2.25982e+12,0.0043075,2.50351e+12,0.0493822
375,3750,2.25982e+12,0.00420036,2.50351e+12,0.0646862
376,3760,2.25982e+12,0.00771121,2.50351e+12,0.0471865
377,3770,2.25982e+12,0.00446082,2.50351e+12,0.0603779
378,3780,2.25982e+12,0.00823877,2.50351e+12,0.0705363
379,3790,2.25982e+12,0.0021816,2.50351e+12,0.0581348
380,3800,2.25982e+12,0.00269696,2.50351e+12,0.0575247
381,3810,2.25982e+12,0.00610832,2.48976e+12,0.0568584
382,3820,2.25982e+12,0.0027684,2.48976e+12,0.0635514
383,3830,2.25982e+12,0.00953894,2.48976e+12,0.0744037
384,3840,2.25982e+12,0.00487784,2.47846e+12,0.0627218
385,3850,2.25982e+12,0.00570265,2.47846e+12,0.0584449
386,3860,2.25982e+12,0.00870178,2.47846e+12,0.0575322
387,3870,2.25982e+12,0.00389319,2.47846e+12,0.0516709
388,3880,2.25982e+12,0.00794597,2.47846e+12,0.058151
389,3890,2.25982e+12,0.00166278,2.47846e+12,0.0406793
390,3900,2.25982e+12,0.00452161,2.47846e+12,0.0771985
391,3910,2.25982e+12,0.00380188,2.47846e+12,0.0925282
392,3920,2.25982e+12,0.00140341,2.47846e+12,0.0889188
393,3930,2.25982e+12,0.0036186,2.47846e+12,0.0599211
394,3940,2.25982e+12,0.00295601,2.47846e+12,0.0781256
395,3950,2.25982e+12,0.00203793,2.47846e+12,0.0626665
396,3960,2.25982e+12,0.00477741,2.47846e+12,0.0747604
397,3970,2.25982e+12,0.00453047,2.47846e+12,0.0583822
398,3980,2.25982e+12,0.00357063,2.47846e+12,0.0519739
399,3990,2.25982e+12,0.00345284,2.47846e+12,0.0672571
400,4000,2.25982e+12,0.00603235,2.47846e+12,0.0511366
401,4010,2.25982e+12,0.00415259,2.47846e+12,0.0857099
402,4020,2.25982e+12,0.0039351,2.46653e+12,0.0615174
403,4030,2.25982e+12,0.00548931,2.46653e+12,0.0721479
404,4040,2.25982e+12,0.00533353,2.46653e+12,0.0460324
405,4050,2.25982e+12,0.00314194,2.46653e+12,0.0447922
406,4060,2.25982e+12,0.00198249,2.46653e+12,0.0663553
407,4070,2.25982e+12,0.00414348,2.46653e+12,0.0694636
408,4080,2.25982e+12,0.00240009,2.46653e+12,0.053105
409,4090,2.25982e+12,0.00340841,2.46653e+12,0.0413731
410,4100,2.25982e+12,0.00276452,2.46653e+12,0.0630284
411,4110,2.25982e+12,0.00402351,2.46653e+12,0.0604189
412,4120,2.25982e+12,0.0019438,2.46653e+12,0.0510299
413,4130,2.25982e+12,0.00273455,2.46653e+12,0.0456908
414,4140,2.25982e+12,0.00238811,2.46653e+12,0.0563827
415,4150,2.25982e+12,0.00416816,2.46653e+12,0.0623267
416,4160,2.25982e+12,0.00152732,2.46653e+12,0.0723978
417,4170,2.25982e+12,0.00767438,2.46653e+12,0.0530232
418,4180,2.25982e+12,0.00377909,2.46653e+12,0.0514094
419,4190,2.25982e+12,0.00469643,2.46653e+12,0.0507597
420,4200,2.25982e+12,0.00265971,2.46653e+12,0.0621237
421,4210,2.25982e+12,0.00606572,2.46653e+12,0.0490264
422,4220,2.25982e+12,0.00200864,2.46653e+12,0.0406403
423,4230,2.25982e+12,0.00481292,2.46653e+12,0.0533676
424,4240,2.25982e+12,0.00296012,2.46653e+12,0.051114
425,4250,2.25982e+12,0.00287117,2.46653e+12,0.0500119
426,4260,2.25982e+12,0.00180371,2.46653e+12,0.0452
427,4270,2.25982e+12,0.00231725,2.46653e+12,0.0567165
428,4280,2.25982e+12,0.00221888,2.46653e+12,0.0576964
429,4290,2.25982e+12,0.00261253,2.46653e+12,0.0510347
430,4300,2.25982e+12,0.00257733,2.46653e+12,0.0474694
431,4310,2.25982e+12,0.00238347,2.46653e+12,0.0465489
432,4320,2.25982e+12,0.00311123,2.45817e+12,0.0538333
433,4330,2.25982e+12,0.00504084,2.45817e+12,0.0483508
434,4340,2.25982e+12,0.00421475,2.45817e+12,0.0473633
435,4350,2.25982e+12,0.00266592,2.45817e+12,0.0617501
436,4360,2.25982e+12,0.00316145,2.45817e+12,0.0560407
437,4370,2.25982e+12,0.00297846,2.45817e+12,0.0641875
438,4380,2.25982e+12,0.00274323,2.45817e+12,0.0547523
439,4390,2.25982e+12,0.00282006,2.45817e+12,0.0542966
440,4400,2.25982e+12,0.0045274,2.45817e+12,0.0543627
441,4410,2.25982e+12,0.0041112,2.45817e+12,0.0494253
442,4420,2.25982e+12,0.00269809,2.45817e+12,0.0549988
443,4430,2.25982e+12,0.00274925,2.45817e+12,0.0656988
444,4440,2.25982e+12,0.00429992,2.45817e+12,0.0507162
445,4450,2.25982e+12,0.00200357,2.45817e+12,0.0482664
446,4460,2.25982e+12,0.00328332,2.45817e+12,0.055941
447,4470,2.25982e+12,0.00287571,2.45817e+12,0.0634509
448,4480,2.25982e+12,0.00253659,2.45817e+12,0.0456729
449,4490,2.25982e+12,0.00293158,2.45817e+12,0.0531768
450,4500,2.25982e+12,0.00182171,2.45817e+12,0.0419288
451,4510,2.25982e+12,0.00287441,2.43951e+12,0.0608042
452,4520,2.25982e+12,0.00233636,2.43951e+12,0.0553756
453,4530,2.25982e+12,0.00129035,2.43951e+12,0.065866
454,4540,2.25982e+12,0.00220991,2.43951e+12,0.0616626
455,4550,2.25982e+12,0.00159895,2.43951e+12,0.0416431
456,4560,2.25982e+12,0.00327812,2.43951e+12,0.0571559
457,4570,2.25982e+12,0.0018268,2.43951e+12,0.0672919
458,4580,2.25982e+12,0.00349459,2.43951e+12,0.0585172
459,4590,2.25982e+12,0.00215267,2.43951e+12,0.0438842
460,4600,2.25982e+12,0.0028007,2.43951e+12,0.0479159
461,4610,2.25982e+12,0.00306001,2.43951e+12,0.05593
462,4620,2.25982e+12,0.00215521,2.43951e+12,0.0479128
463,4630,2.25982e+12,0.00247095,2.43951e+12,0.0412333
464,4640,2.25982e+12,0.00293558,2.43951e+12,0.0494724
465,4650,2.25982e+12,0.00292348,2.43951e+12,0.0578894
466,4660,2.25982e+12,0.00186886,2.43951e+12,0.0546175
467,4670,2.25982e+12,0.00194873,2.43951e+12,0.0571602
468,4680,2.25982e+12,0.00305883,2.43951e+12,0.0565535
469,4690,2.25982e+12,0.00197118,2.43951e+12,0.0472664
470,4700,2.25982e+12,0.00244565,2.43951e+12,0.0409363
471,4710,2.25982e+12,0.00254777,2.43951e+12,0.0625911
472,4720,2.25982e+12,0.00185604,2.43951e+12,0.059724
473,4730,2.25982e+12,0.00276163,2.43951e+12,0.0522268
474,4740,2.25982e+12,0.00186725,2.43951e+12,0.0468367
475,4750,2.25982e+12,0.00380701,2.43951e+12,0.0454751
476,4760,2.25982e+12,0.00313783,2.43951e+12,0.0482955
477,4770,2.25982e+12,0.00220968,2.43951e+12,0.0719626
478,4780,2.25982e+12,0.00192874,2.43951e+12,0.0751521
479,4790,2.25982e+12,0.00238387,2.43951e+12,0.0685186
480,4800,2.25982e+12,0.00230612,2.43951e+12,0.0409887
481,4810,2.25982e+12,0.00351073,2.43951e+12,0.0723202
482,4820,2.25982e+12,0.00233272,2.43951e+12,0.048032
483,4830,2.25982e+12,0.00432802,2.43951e+12,0.0521859
484,4840,2.25982e+12,0.00310066,2.43951e+12,0.0529118
485,4850,2.25982e+12,0.00727206,2.43951e+12,0.0685086
486,4860,2.25982e+12,0.0018804,2.43951e+12,0.0555191
487,4870,2.25982e+12,0.0073594,2.43951e+12,0.0451522
488,4880,2.25982e+12,0.00525213,2.43951e+12,0.0498424
489,4890,2.25982e+12,0.00254616,2.43951e+12,0.0489013
490,4900,2.25982e+12,0.00759978,2.43951e+12,0.0472451
491,4910,2.25982e+12,0.0029354,2.43951e+12,0.0526675
492,4920,2.25982e+12,0.00627909,2.43951e+12,0.0480163
493,4930,2.25982e+12,0.00485689,2.43951e+12,0.0500859
494,4940,2.25982e+12,0.00769963,2.43951e+12,0.0592954
495,4950,2.25982e+12,0.00310153,2.43951e+12,0.0675589
496,4960,2.25982e+12,0.00396372,2.43951e+12,0.0397469
497,4970,2.25982e+12,0.00472507,2.43951e+12,0.0511256
498,4980,2.25982e+12,0.00351344,2.43951e+12,0.0654916
499,4990,2.25982e+12,0.00410061,2.43951e+12,0.0601824
500,5000,2.25982e+12,0.00347488,2.43951e+12,0.041457
501,5010,2.25982e+12,0.00271915,2.43951e+12,0.0572822
502,5020,2.25982e+12,0.00290606,2.43951e+12,0.0563931
503,5030,2.25982e+12,0.00588291,2.43951e+12,0.0596475
504,5040,2.25982e+12,0.00136841,2.43951e+12,0.0638028
505,5050,2.25982e+12,0.00516343,2.43951e+12,0.0630972
506,5060,2.25982e+12,0.0027657,2.43951e+12,0.0715014
507,5070,2.25982e+12,0.00431513,2.43951e+12,0.0751976
508,5080,2.25982e+12,0.00290447,2.43951e+12,0.048893
509,5090,2.25982e+12,0.00131601,2.43951e+12,0.0630893
510,5100,2.25982e+12,0.00239622,2.43951e+12,0.0603483
511,5110,2.25982e+12,0.00256447,2.43951e+12,0.068101
512,5120,2.25982e+12,0.00141435,2.43951e+12,0.0618035
513,5130,2.25982e+12,0.00326908,2.43951e+12,0.049101
514,5140,2.25982e+12,0.00250633,2.43951e+12,0.0475906
515,5150,2.25982e+12,0.00342095,2.43951e+12,0.0386913
516,5160,2.25982e+12,0.00328312,2.43951e+12,0.0671691
517,5170,2.25982e+12,0.00372006,2.43951e+12,0.0703604
518,5180,2.25982e+12,0.00251425,2.43951e+12,0.0503876
519,5190,2.25982e+12,0.00328371,2.43951e+12,0.0581338
520,5200,2.25982e+12,0.001482,2.43951e+12,0.0404916
521,5210,2.25982e+12,0.00371278,2.43951e+12,0.0498377
522,5220,2.25982e+12,0.00220709,2.43951e+12,0.0492638
523,5230,2.25982e+12,0.00543821,2.43951e+12,0.04688
524,5240,2.25982e+12,0.00204492,2.43951e+12,0.0422387
525,5250,2.25982e+12,0.00547365,2.43951e+12,0.0535157
526,5260,2.25982e+12,0.00233086,2.43951e+12,0.0518432
527,5270,2.25982e+12,0.00523566,2.43951e+12,0.0408826
528,5280,2.25982e+12,0.00154347,2.43951e+12,0.0426437
529,5290,2.25982e+12,0.00379934,2.43951e+12,0.0520302
530,5300,2.25982e+12,0.00306662,2.43951e+12,0.0541196
531,5310,2.25982e+12,0.0042634,2.43951e+12,0.0608072
532,5320,2.25982e+12,0.00306869,2.43951e+12,0.0455591
533,5330,2.25982e+12,0.0070323,2.43951e+12,0.0498141
534,5340,2.25982e+12,0.00200967,2.43951e+12,0.0647591
535,5350,2.25982e+12,0.00551115,2.43951e+12,0.0499931
536,5360,2.25982e+12,0.00451176,2.43951e+12,0.0469933
537,5370,2.25982e+12,0.00507848,2.43951e+12,0.0583227
538,5380,2.25982e+12,0.00452919,2.43951e+12,0.0635798
539,5390,2.25982e+12,0.00218338,2.43951e+12,0.0541132
540,5400,2.25982e+12,0.00650284,2.43951e+12,0.0654515
541,5410,2.25982e+12,0.00255697,2.43951e+12,0.0597914
542,5420,2.25982e+12,0.0047368,2.43951e+12,0.0476453
543,5430,2.25982e+12,0.004579,2.43951e+12,0.0473732
544,5440,2.25982e+12,0.00403874,2.43951e+12,0.0435521
545,5450,2.25982e+12,0.00345732,2.40872e+12,0.048441
546,5460,2.25982e+12,0.0040253,2.40872e+12,0.0577321
547,5470,2.25982e+12,0.00451726,2.40872e+12,0.0675152
548,5480,2.25982e+12,0.00479442,2.40872e+12,0.0478008
549,5490,2.25982e+12,0.00384129,2.40872e+12,0.0533314
550,5500,2.25982e+12,0.00462845,2.40872e+12,0.0575736
551,5510,2.25982e+12,0.00468149,2.40872e+12,0.0504911
552,5520,2.25982e+12,0.00485681,2.40872e+12,0.0568525
553,5530,2.25982e+12,0.00392947,2.40872e+12,0.0611564
554,5540,2.25982e+12,0.00194043,2.40872e+12,0.0560936
555,5550,2.25982e+12,0.00686656,2.40872e+12,0.050658
556,5560,2.25982e+12,0.00486308,2.40872e+12,0.0553688
557,5570,2.25982e+12,0.00741319,2.40872e+12,0.0506802
558,5580,2.25982e+12,0.00303642,2.40872e+12,0.0686351
559,5590,2.25982e+12,0.00466811,2.40872e+12,0.064596
560,5600,2.25982e+12,0.0023607,2.40872e+12,0.0543378
561,5610,2.25982e+12,0.00480388,2.40872e+12,0.0438944
562,5620,2.25982e+12,0.00338462,2.40872e+12,0.05512
563,5630,2.25982e+12,0.0039283,2.40872e+12,0.0509962
564,5640,2.25982e+12,0.00204527,2.40872e+12,0.0575071
565,5650,2.25982e+12,0.00302609,2.40872e+12,0.0518285
566,5660,2.25982e+12,0.00422169,2.40872e+12,0.0443394
567,5670,2.25982e+12,0.0057079,2.40872e+12,0.0497995
568,5680,2.25982e+12,0.00552324,2.40872e+12,0.0474506
569,5690,2.16946e+12,0.00471607,2.39968e+12,0.0639438
570,5700,2.16946e+12,0.0029167,2.39968e+12,0.0575943
571,5710,2.16946e+12,0.0050498,2.39968e+12,0.0464585
572,5720,2.16946e+12,0.00284522,2.39968e+12,0.0465261
573,5730,2.16946e+12,0.00242666,2.39968e+12,0.0438682
574,5740,2.16946e+12,0.00216836,2.39968e+12,0.0409255
575,5750,2.16946e+12,0.00283695,2.39968e+12,0.045028
576,5760,2.16946e+12,0.00340597,2.39968e+12,0.0544754
577,5770,2.16946e+12,0.00116361,2.39968e+12,0.0566312
578,5780,2.16946e+12,0.00571976,2.39968e+12,0.0492041
579,5790,2.16946e+12,0.00221642,2.39968e+12,0.0535058
580,5800,2.16946e+12,0.0021289,2.39968e+12,0.0597513
581,5810,2.16946e+12,0.0030824,2.39968e+12,0.0525045
582,5820,2.16946e+12,0.00178178,2.39968e+12,0.0381827
583,5830,2.16946e+12,0.00248996,2.39968e+12,0.0483276
584,5840,2.16946e+12,0.0013972,2.39968e+12,0.0504156
585,5850,2.16946e+12,0.00168958,2.39968e+12,0.0491328
586,5860,2.16946e+12,0.0032626,2.39968e+12,0.050993
587,5870,2.16946e+12,0.00199435,2.39968e+12,0.0684943
588,5880,2.16946e+12,0.0021698,2.39968e+12,0.0749436
589,5890,2.16946e+12,0.00362092,2.39968e+12,0.0414663
590,5900,2.16946e+12,0.0031893,2.39968e+12,0.0747587
591,5910,2.16946e+12,0.00229422,2.39968e+12,0.0718607
592,5920,2.16946e+12,0.00279054,2.39968e+12,0.0596464
593,5930,2.16946e+12,0.00143138,2.39968e+12,0.0470377
594,5940,2.16946e+12,0.00206389,2.39968e+12,0.0541527
595,5950,2.16946e+12,0.00123347,2.39968e+12,0.0602091
596,5960,2.16946e+12,0.00413294,2.39968e+12,0.0468042
597,5970,2.16946e+12,0.00253273,2.39968e+12,0.0448193
598,5980,2.16946e+12,0.0046052,2.39968e+12,0.0584755
599,5990,2.16946e+12,0.00302068,2.39968e+12,0.0639212
600,6000,2.16946e+12,0.00725751,2.39968e+12,0.0452732
601,6010,2.16946e+12,0.00291138,2.39968e+12,0.048717
602,6020,2.16946e+12,0.0112457,2.39968e+12,0.058559
603,6030,2.16946e+12,0.00310213,2.39968e+12,0.0618472
604,6040,2.16946e+12,0.0121675,2.39968e+12,0.0612885
605,6050,2.16946e+12,0.00180085,2.39968e+12,0.0804174
606,6060,2.16946e+12,0.0043956,2.39968e+12,0.0583677
607,6070,2.16946e+12,0.00772555,2.39968e+12,0.0593676
608,6080,2.16946e+12,0.00353003,2.39968e+12,0.0562237
609,6090,2.16946e+12,0.0079989,2.39968e+12,0.0614044
610,6100,2.16946e+12,0.00511857,2.39968e+12,0.0567535
611,6110,2.16946e+12,0.00632158,2.39968e+12,0.049654
612,6120,2.16946e+12,0.00480402,2.39968e+12,0.0665364
613,6130,2.16946e+12,0.00372566,2.39968e+12,0.0536828
614,6140,2.16946e+12,0.00670769,2.39968e+12,0.0664386
615,6150,2.16946e+12,0.0019349,2.39968e+12,0.0518936
616,6160,2.16946e+12,0.00424073,2.39968e+12,0.0713243
617,6170,2.16946e+12,0.00371596,2.39968e+12,0.0586237
618,6180,2.16946e+12,0.00159971,2.39968e+12,0.0495748
619,6190,2.16946e+12,0.00377753,2.39968e+12,0.044639
620,6200,2.16946e+12,0.00255131,2.39968e+12,0.0609655
621,6210,2.16946e+12,0.00358565,2.39968e+12,0.0664487
622,6220,2.16946e+12,0.0025684,2.39968e+12,0.052768
623,6230,2.16946e+12,0.00508009,2.39968e+12,0.0466708
624,6240,2.16946e+12,0.00228644,2.39968e+12,0.0548949
625,6250,2.16946e+12,0.00330628,2.39968e+12,0.067996
626,6260,2.16946e+12,0.00205078,2.39968e+12,0.0407826
627,6270,2.16946e+12,0.00211775,2.39968e+12,0.0615624
628,6280,2.16946e+12,0.00267686,2.39968e+12,0.06663
629,6290,2.16946e+12,0.0010989,2.39968e+12,0.0454417
630,6300,2.16946e+12,0.00133098,2.39968e+12,0.0399787
631,6310,2.16946e+12,0.00113291,2.39968e+12,0.0405202
632,6320,2.16946e+12,0.00168957,2.39968e+12,0.0572943
633,6330,2.16946e+12,0.00210927,2.39968e+12,0.0449829
634,6340,2.16946e+12,0.00134785,2.39968e+12,0.0456885
635,6350,2.16946e+12,0.00302974,2.39968e+12,0.0525377
636,6360,2.16946e+12,0.00212075,2.39968e+12,0.0519888
637,6370,2.16946e+12,0.00350197,2.39968e+12,0.0463307
638,6380,2.16946e+12,0.00113467,2.39968e+12,0.049932
639,6390,2.16946e+12,0.00534326,2.39968e+12,0.0486836
640,6400,2.16946e+12,0.00310311,2.39968e+12,0.0691273
641,6410,2.16946e+12,0.00522593,2.39968e+12,0.0397172
642,6420,2.16946e+12,0.0028181,2.39968e+12,0.0483454
643,6430,2.16946e+12,0.00653881,2.39968e+12,0.0527157
644,6440,2.16946e+12,0.00284273,2.39968e+12,0.0569336
645,6450,2.16946e+12,0.00407538,2.39968e+12,0.0473613
646,6460,2.16946e+12,0.00328217,2.39968e+12,0.0495937
647,6470,2.16946e+12,0.00387616,2.39968e+12,0.0453257
648,6480,2.16946e+12,0.00308397,2.39968e+12,0.0575941
649,6490,2.16946e+12,0.00148394,2.39968e+12,0.0471788
650,6500,2.16946e+12,0.00488016,2.39968e+12,0.0473424
651,6510,2.16946e+12,0.0023714,2.39968e+12,0.0615121
652,6520,2.16946e+12,0.00642767,2.39968e+12,0.0526483
653,6530,2.16946e+12,0.00386232,2.39968e+12,0.0393316
654,6540,2.16946e+12,0.00278822,2.39968e+12,0.0432359
655,6550,2.16946e+12,0.00120559,2.39968e+12,0.0649993
656,6560,2.16946e+12,0.0047798,2.39968e+12,0.0631447
657,6570,2.16946e+12,0.00054549,2.39968e+12,0.0604098
658,6580,2.16946e+12,0.0036576,2.39968e+12,0.0446876
659,6590,2.16946e+12,0.00222175,2.39968e+12,0.0562528
660,6600,2.16946e+12,0.00423636,2.39968e+12,0.0420563
661,6610,2.16946e+12,0.00332905,2.39968e+12,0.0415596
662,6620,2.16946e+12,0.00430367,2.39968e+12,0.0451237
663,6630,2.16946e+12,0.00343804,2.39968e+12,0.0485164
664,6640,2.16946e+12,0.00185502,2.39968e+12,0.0581793
665,6650,2.16946e+12,0.00208909,2.39968e+12,0.0452371
666,6660,2.16946e+12,0.00264908,2.39968e+12,0.0552791
667,6670,2.16946e+12,0.00175827,2.39968e+12,0.0537923
668,6680,2.16946e+12,0.00242426,2.39641e+12,0.0502326
669,6690,2.16946e+12,0.00212971,2.39641e+12,0.0472156
670,6700,2.16946e+12,0.00277066,2.39641e+12,0.0480813
671,6710,2.16946e+12,0.00299995,2.39641e+12,0.0730021
672,6720,2.16946e+12,0.00241594,2.39641e+12,0.0582885
673,6730,2.16946e+12,0.00387155,2.39641e+12,0.0432021
674,6740,2.16946e+12,0.001724,2.39641e+12,0.0513324
675,6750,2.16946e+12,0.00267915,2.39641e+12,0.0649899
676,6760,2.16946e+12,0.00429876,2.39641e+12,0.0414952
677,6770,2.16946e+12,0.00238638,2.39641e+12,0.0434048
678,6780,2.16946e+12,0.00262106,2.39641e+12,0.0477037
679,6790,2.16946e+12,0.00327805,2.39641e+12,0.056537
680,6800,2.16946e+12,0.00302743,2.39641e+12,0.0421204
681,6810,2.16946e+12,0.00161611,2.39641e+12,0.0436553
682,6820,2.16946e+12,0.00406175,2.39641e+12,0.0570227
683,6830,2.16946e+12,0.00142996,2.39641e+12,0.0423809
684,6840,2.16946e+12,0.00417836,2.39641e+12,0.0454288
685,6850,2.16946e+12,0.00419617,2.39641e+12,0.0395479
686,6860,2.16946e+12,0.00203639,2.39641e+12,0.0552101
687,6870,2.16946e+12,0.00281534,2.39641e+12,0.0640679
688,6880,2.16946e+12,0.00221823,2.39641e+12,0.0423033
689,6890,2.16946e+12,0.00326976,2.39641e+12,0.0438355
690,6900,2.16946e+12,0.00244129,2.39641e+12,0.0516985
691,6910,2.16946e+12,0.00280273,2.39641e+12,0.0576789
692,6920,2.16946e+12,0.00137939,2.39641e+12,0.0581909
693,6930,2.16946e+12,0.00227355,2.39641e+12,0.0468736
694,6940,2.16946e+12,0.00226253,2.39641e+12,0.0511994
695,6950,2.16946e+12,0.00311082,2.39641e+12,0.0491186
696,6960,2.16946e+12,0.00261021,2.39641e+12,0.053722
697,6970,2.16946e+12,0.00525913,2.39641e+12,0.048873
698,6980,2.16946e+12,0.00139653,2.39641e+12,0.04902
699,6990,2.16946e+12,0.00465879,2.39641e+12,0.0388604
700,7000,2.16946e+12,0.00135037,2.39641e+12,0.0437465
701,7010,2.16946e+12,0.00463472,2.39641e+12,0.0565818
702,7020,2.16946e+12,0.00244747,2.39641e+12,0.053396
703,7030,2.16946e+12,0.00547646,2.38977e+12,0.0424436
704,7040,2.16946e+12,0.00400677,2.38977e+12,0.0518054
705,7050,2.16946e+12,0.00330695,2.38977e+12,0.041092
706,7060,2.16946e+12,0.00394597,2.38977e+12,0.0439673
707,7070,2.16946e+12,0.0030301,2.38977e+12,0.0502553
708,7080,2.16946e+12,0.00612809,2.38977e+12,0.0526449
709,7090,2.16946e+12,0.00229554,2.38977e+12,0.05646
710,7100,2.16946e+12,0.00444597,2.38977e+12,0.0466213
711,7110,2.16946e+12,0.00285145,2.38977e+12,0.0514116
712,7120,2.16946e+12,0.00577616,2.38977e+12,0.0583156
713,7130,2.16946e+12,0.00281885,2.38977e+12,0.0482639
714,7140,2.16946e+12,0.0034937,2.38977e+12,0.0451061
715,7150,2.16946e+12,0.00232803,2.38977e+12,0.0587512
716,7160,2.16946e+12,0.00231954,2.38977e+12,0.0634882
717,7170,2.16946e+12,0.00432415,2.38977e+12,0.0462003
718,7180,2.16946e+12,0.00290077,2.38977e+12,0.0562436
719,7190,2.16946e+12,0.00304437,2.38977e+12,0.0470385
720,7200,2.16946e+12,0.00292845,2.38977e+12,0.0496253
721,7210,2.16946e+12,0.00185963,2.38977e+12,0.0516684
722,7220,2.16946e+12,0.00174607,2.38977e+12,0.0551229
723,7230,2.16946e+12,0.00152926,2.38977e+12,0.0439145
724,7240,2.16946e+12,0.00274043,2.38977e+12,0.0420388
725,7250,2.16946e+12,0.00212519,2.38977e+12,0.0465433
726,7260,2.16946e+12,0.00077858,2.38977e+12,0.0564342
727,7270,2.16946e+12,0.00277693,2.38977e+12,0.0543298
728,7280,2.16946e+12,0.00168437,2.38977e+12,0.0482751
729,7290,2.16946e+12,0.00159875,2.38977e+12,0.0408139
730,7300,2.16946e+12,0.00372775,2.38977e+12,0.0541555
731,7310,2.16946e+12,0.0043017,2.38977e+12,0.0653452
732,7320,2.16946e+12,0.00181545,2.38977e+12,0.0522291
733,7330,2.16946e+12,0.00142091,2.38977e+12,0.0500938
734,7340,2.16946e+12,0.00247235,2.38977e+12,0.0363585
735,7350,2.16946e+12,0.0029384,2.38977e+12,0.0448631
736,7360,2.16946e+12,0.00295489,2.38977e+12,0.0475937
737,7370,2.16946e+12,0.00401808,2.38977e+12,0.0506732
738,7380,2.16946e+12,0.00275921,2.38977e+12,0.0497956
739,7390,2.16946e+12,0.00428489,2.38977e+12,0.0443567
740,7400,2.16946e+12,0.0022079,2.38184e+12,0.0398036
741,7410,2.16946e+12,0.00461371,2.38184e+12,0.0478777
742,7420,2.16946e+12,0.00206103,2.38184e+12,0.0581062
743,7430,2.16946e+12,0.00405952,2.38184e+12,0.0554451
744,7440,2.16946e+12,0.00170937,2.38184e+12,0.0433434
745,7450,2.16946e+12,0.00478594,2.38184e+12,0.0457027
746,7460,2.16946e+12,0.00259062,2.38184e+12,0.0381264
747,7470,2.16946e+12,0.0044662,2.38184e+12,0.0477552
748,7480,2.16946e+12,0.00196143,2.38184e+12,0.0608818
749,7490,2.16946e+12,0.00356791,2.38184e+12,0.0457288
750,7500,2.16946e+12,0.00140513,2.38184e+12,0.039185
751,7510,2.16946e+12,0.00349609,2.38184e+12,0.0514744
752,7520,2.16946e+12,0.00242226,2.38184e+12,0.0460622
753,7530,2.16946e+12,0.00300904,2.38184e+12,0.0466301
754,7540,2.16946e+12,0.00190096,2.38184e+12,0.0413611
755,7550,2.16946e+12,0.00232735,2.38184e+12,0.0408554
756,7560,2.16946e+12,0.00255359,2.38184e+12,0.0502695
757,7570,2.16946e+12,0.00205829,2.38184e+12,0.0547239
758,7580,2.16946e+12,0.00340633,2.38184e+12,0.0527723
759,7590,2.16946e+12,0.00362035,2.38184e+12,0.0463934
760,7600,2.16946e+12,0.00385799,2.38184e+12,0.0411408
761,7610,2.16946e+12,0.00413795,2.38184e+12,0.0634636
762,7620,2.16946e+12,0.00432745,2.38184e+12,0.0523641
763,7630,2.16946e+12,0.0036377,2.38184e+12,0.0465983
764,7640,2.16946e+12,0.00254994,2.38184e+12,0.0508288
765,7650,2.16946e+12,0.00707166,2.38184e+12,0.0605615
766,7660,2.16946e+12,0.00331247,2.38184e+12,0.055582
767,7670,2.16946e+12,0.0030552,2.38184e+12,0.0568891
768,7680,2.16946e+12,0.00605469,2.38184e+12,0.0561917
769,7690,2.16946e+12,0.00200733,2.38184e+12,0.0490321
770,7700,2.16946e+12,0.00477066,2.38184e+12,0.0568846
771,7710,2.16946e+12,0.00196136,2.38184e+12,0.0562099
772,7720,2.16946e+12,0.00735143,2.38184e+12,0.0499124
773,7730,2.16946e+12,0.00152139,2.38184e+12,0.0614689
774,7740,2.16946e+12,0.00608621,2.38184e+12,0.0590454
775,7750,2.16946e+12,0.00160258,2.38184e+12,0.052448
776,7760,2.16946e+12,0.0054376,2.38184e+12,0.0470116
777,7770,2.16946e+12,0.00335231,2.38184e+12,0.0472037
778,7780,2.16946e+12,0.00152202,2.38184e+12,0.0611682
779,7790,2.16946e+12,0.00193076,2.38184e+12,0.0417024
780,7800,2.16946e+12,0.00153666,2.38184e+12,0.0445488
781,7810,2.16946e+12,0.00193846,2.38184e+12,0.0552762
782,7820,2.16946e+12,0.00212657,2.38184e+12,0.0591258
783,7830,2.16946e+12,0.0027193,2.38184e+12,0.0401601
784,7840,2.16946e+12,0.00135571,2.38184e+12,0.0486036
785,7850,2.16946e+12,0.0019506,2.38184e+12,0.0528739
786,7860,2.16946e+12,0.00241576,2.38184e+12,0.0652714
787,7870,2.16946e+12,0.00284372,2.38184e+12,0.0491636
788,7880,2.16946e+12,0.00183165,2.38184e+12,0.0486741
789,7890,2.16946e+12,0.0038044,2.38184e+12,0.0532269
790,7900,2.16946e+12,0.00373232,2.38184e+12,0.0630183
791,7910,2.16946e+12,0.00329623,2.38184e+12,0.0526003
792,7920,2.16946e+12,0.00241886,2.38184e+12,0.0481104
793,7930,2.16946e+12,0.00309795,2.38184e+12,0.0417422
794,7940,2.16946e+12,0.0021648,2.38184e+12,0.0503081
795,7950,2.16946e+12,0.0023449,2.38184e+12,0.0503817
796,7960,2.16946e+12,0.00141232,2.38184e+12,0.0520772
797,7970,2.16946e+12,0.00256235,2.38184e+12,0.0538181
798,7980,2.16946e+12,0.00181922,2.38184e+12,0.0429729
799,7990,2.16946e+12,0.00233732,2.38184e+12,0.0506514
800,8000,2.16946e+12,0.00194532,2.38184e+12,0.0637067
801,8010,2.16946e+12,0.00191804,2.38184e+12,0.0703366
802,8020,2.16946e+12,0.00184475,2.38184e+12,0.0511291
803,8030,2.16946e+12,0.00278093,2.38184e+12,0.047237
804,8040,2.16946e+12,0.00311042,2.38184e+12,0.0513035
805,8050,2.16946e+12,0.00458917,2.38184e+12,0.0615152
806,8060,2.16946e+12,0.00172468,2.38184e+12,0.0474234
807,8070,2.16946e+12,0.00212824,2.38184e+12,0.0432518
808,8080,2.16946e+12,0.00654281,2.38184e+12,0.0494334
809,8090,2.16946e+12,0.00210532,2.38184e+12,0.0543654
810,8100,2.16946e+12,0.00874993,2.38184e+12,0.0487736
811,8110,2.16946e+12,0.00205149,2.38184e+12,0.065455
812,8120,2.16946e+12,0.0069491,2.38184e+12,0.0616258
813,8130,2.16946e+12,0.00397462,2.38184e+12,0.0544805
814,8140,2.16946e+12,0.00579461,2.38184e+12,0.076009
815,8150,2.16946e+12,0.00676011,2.38184e+12,0.0559524
816,8160,2.16946e+12,0.00442222,2.38184e+12,0.0545036
817,8170,2.16946e+12,0.0029482,2.38184e+12,0.0406085
818,8180,2.16946e+12,0.00493689,2.38184e+12,0.0482042
819,8190,2.16946e+12,0.00198605,2.38184e+12,0.0512024
820,8200,2.16946e+12,0.00403804,2.38184e+12,0.0551373
821,8210,2.16946e+12,0.00236308,2.38184e+12,0.0503697
822,8220,2.16946e+12,0.00304711,2.38184e+12,0.0493725
823,8230,2.16946e+12,0.00216116,2.38184e+12,0.0440573
824,8240,2.16946e+12,0.0030636,2.38184e+12,0.0478458
825,8250,2.16946e+12,0.00336787,2.38184e+12,0.0514486
826,8260,2.16946e+12,0.00183152,2.38184e+12,0.0437603
827,8270,2.16946e+12,0.00206046,2.38184e+12,0.0404866
828,8280,2.16946e+12,0.0012027,2.38184e+12,0.0584274
829,8290,2.16946e+12,0.00206186,2.38184e+12,0.0422929
830,8300,2.16946e+12,0.00268236,2.38184e+12,0.0405544
831,8310,2.16946e+12,0.00114722,2.38184e+12,0.0426876
832,8320,2.16946e+12,0.00352489,2.38184e+12,0.0591236
833,8330,2.16946e+12,0.00215411,2.38184e+12,0.0472681
834,8340,2.16946e+12,0.00491848,2.38184e+12,0.0471817
835,8350,2.16946e+12,0.00366606,2.38184e+12,0.0573794
836,8360,2.16946e+12,0.00275143,2.38184e+12,0.0695917
837,8370,2.16946e+12,0.00225006,2.38184e+12,0.0467047
838,8380,2.16946e+12,0.00490429,2.38184e+12,0.0416015
839,8390,2.16946e+12,0.00189333,2.38184e+12,0.0385785
840,8400,2.16946e+12,0.00376736,2.38184e+12,0.0366492
841,8410,2.16946e+12,0.0017657,2.38184e+12,0.0525296
842,8420,2.16946e+12,0.00229162,2.38184e+12,0.0496871
843,8430,2.16946e+12,0.00223933,2.38184e+12,0.0460914
844,8440,2.16946e+12,0.00233838,2.38184e+12,0.04967
845,8450,2.16946e+12,0.00470188,2.38184e+12,0.0435117
846,8460,2.16946e+12,0.00241829,2.38184e+12,0.0514327
847,8470,2.16946e+12,0.00345912,2.38184e+12,0.0587831
848,8480,2.16946e+12,0.00160996,2.38184e+12,0.0417261
849,8490,2.16946e+12,0.00401389,2.38184e+12,0.0371466
850,8500,2.16946e+12,0.0017052,2.38184e+12,0.0418879
851,8510,2.16946e+12,0.00264552,2.38184e+12,0.0519381
852,8520,2.16946e+12,0.00375064,2.38184e+12,0.0526859
853,8530,2.16946e+12,0.00207037,2.38184e+12,0.0459288
854,8540,2.16946e+12,0.0018423,2.38184e+12,0.0621697
855,8550,2.16946e+12,0.00237214,2.38184e+12,0.0555748
856,8560,2.16946e+12,0.00322495,2.38184e+12,0.0419243
857,8570,2.16946e+12,0.00256087,2.38184e+12,0.0442906
858,8580,2.16946e+12,0.00171941,2.38184e+12,0.048481
859,8590,2.16946e+12,0.00298684,2.38184e+12,0.0454483
860,8600,2.16946e+12,0.00114631,2.38184e+12,0.0423604
861,8610,2.16946e+12,0.00399434,2.38184e+12,0.0440119
862,8620,2.16946e+12,0.00294628,2.38184e+12,0.0531452
863,8630,2.16946e+12,0.00383054,2.38184e+12,0.052904
864,8640,2.16946e+12,0.00483722,2.38184e+12,0.0545992
865,8650,2.16946e+12,0.00405737,2.38184e+12,0.0570419
866,8660,2.16946e+12,0.00718307,2.38184e+12,0.0474835
867,8670,2.16946e+12,0.00343085,2.38184e+12,0.0501866
868,8680,2.16946e+12,0.0044004,2.38184e+12,0.0611018
869,8690,2.16946e+12,0.00683049,2.38184e+12,0.0566079
870,8700,2.16946e+12,0.00525308,2.38184e+12,0.0448323
871,8710,2.16946e+12,0.00399786,2.38184e+12,0.0522192
872,8720,2.16946e+12,0.00326323,2.38184e+12,0.0524667
873,8730,2.16946e+12,0.00464964,2.38184e+12,0.0357687
874,8740,2.16946e+12,0.00448875,2.38184e+12,0.0457374
875,8750,2.16946e+12,0.00194784,2.38184e+12,0.0584434
876,8760,2.16946e+12,0.00275965,2.38184e+12,0.0470045
877,8770,2.16946e+12,0.0017233,2.38184e+12,0.0383435
878,8780,2.16946e+12,0.00199149,2.38184e+12,0.0471363
879,8790,2.16946e+12,0.000854923,2.38184e+12,0.0432448
880,8800,2.16946e+12,0.00191413,2.38184e+12,0.0468881
881,8810,2.16946e+12,0.00217452,2.38184e+12,0.0480612
882,8820,2.16946e+12,0.00106876,2.38184e+12,0.0490707
883,8830,2.16946e+12,0.00177485,2.38184e+12,0.0475464
884,8840,2.16946e+12,0.000803272,2.38184e+12,0.0448031
885,8850,2.16946e+12,0.00132235,2.38184e+12,0.0412988
886,8860,2.16946e+12,0.00235707,2.38184e+12,0.0491112
887,8870,2.16946e+12,0.0020447,2.38184e+12,0.0521378
888,8880,2.16946e+12,0.00150059,2.38184e+12,0.0559407
889,8890,2.16946e+12,0.00242897,2.38184e+12,0.0466526
890,8900,2.16946e+12,0.00214866,2.38184e+12,0.0522368
891,8910,2.16946e+12,0.0017698,2.38184e+12,0.0521449
892,8920,2.16946e+12,0.00425874,2.38184e+12,0.0677624
893,8930,2.16946e+12,0.00254764,2.38184e+12,0.0735235
894,8940,2.16946e+12,0.00473584,2.38184e+12,0.0540345
895,8950,2.16946e+12,0.00329973,2.38184e+12,0.0555028
896,8960,2.16946e+12,0.00236699,2.38184e+12,0.0711719
897,8970,2.16946e+12,0.00425942,2.38184e+12,0.049867
898,8980,2.16946e+12,0.00196126,2.38184e+12,0.0411176
899,8990,2.16946e+12,0.00227339,2.36232e+12,0.0368267
900,9000,2.16946e+12,0.00240203,2.36232e+12,0.0506395
901,9010,2.16946e+12,0.00263592,2.36232e+12,0.0547703
902,9020,2.16946e+12,0.00210928,2.36232e+12,0.0402561
903,9030,2.16946e+12,0.00235131,2.36232e+12,0.0479897
904,9040,2.16946e+12,0.00319547,2.36232e+12,0.0492943
905,9050,2.16946e+12,0.000642994,2.36232e+12,0.0469075
906,9060,2.16946e+12,0.00389238,2.36232e+12,0.0303109
907,9070,2.16946e+12,0.00262062,2.36232e+12,0.0365373
908,9080,2.16946e+12,0.00311023,2.36232e+12,0.0548168
909,9090,2.16946e+12,0.00206351,2.36232e+12,0.0392325
910,9100,2.16946e+12,0.00217207,2.36232e+12,0.0336328
911,9110,2.16946e+12,0.00225036,2.36232e+12,0.0384146
912,9120,2.16946e+12,0.00351735,2.36232e+12,0.0519733
913,9130,2.16946e+12,0.00284509,2.36232e+12,0.038986
914,9140,2.16946e+12,0.00393537,2.36232e+12,0.0382985
915,9150,2.16946e+12,0.00307098,2.36232e+12,0.0355646
916,9160,2.16946e+12,0.00437313,2.36232e+12,0.0519625
917,9170,2.16946e+12,0.00363516,2.36232e+12,0.0455613
918,9180,2.16946e+12,0.00332847,2.36232e+12,0.0357907
919,9190,2.16946e+12,0.00345844,2.36232e+12,0.0498032
920,9200,2.16946e+12,0.00218781,2.36232e+12,0.0588234
921,9210,2.16946e+12,0.00452715,2.36232e+12,0.0474052
922,9220,2.16946e+12,0.00403668,2.36232e+12,0.0380663
923,9230,2.16946e+12,0.00218474,2.36232e+12,0.0559206
924,9240,2.16946e+12,0.00562747,2.36232e+12,0.0541159
925,9250,2.16946e+12,0.00127731,2.36232e+12,0.0623789
926,9260,2.16946e+12,0.000690627,2.36232e+12,0.0501317
927,9270,2.16946e+12,0.00378117,2.36232e+12,0.0462672
928,9280,2.16946e+12,0.00310819,2.36232e+12,0.0351679
929,9290,2.16946e+12,0.00195549,2.36232e+12,0.038168
930,9300,2.16946e+12,0.00251053,2.36232e+12,0.0504188
931,9310,2.16946e+12,0.00129667,2.36232e+12,0.055707
932,9320,2.16946e+12,0.00321442,2.36232e+12,0.0382642
933,9330,2.16946e+12,0.0026925,2.35703e+12,0.0357939
934,9340,2.16946e+12,0.00393073,2.35703e+12,0.0346523
935,9350,2.16946e+12,0.00202041,2.35703e+12,0.0351575
936,9360,2.16946e+12,0.00530594,2.35703e+12,0.0403301
937,9370,2.16946e+12,0.00337508,2.35703e+12,0.0390942
938,9380,2.16946e+12,0.00645814,2.35703e+12,0.0467233
939,9390,2.16946e+12,0.00364613,2.35703e+12,0.0294592
940,9400,2.16946e+12,0.00437582,2.35703e+12,0.0396244
941,9410,2.16946e+12,0.00423878,2.35703e+12,0.0494085
942,9420,2.16946e+12,0.00353393,2.35703e+12,0.0403906
943,9430,2.16946e+12,0.00376009,2.35703e+12,0.0497898
944,9440,2.16946e+12,0.00318897,2.35703e+12,0.0396938
945,9450,2.16946e+12,0.00380492,2.35703e+12,0.0424851
946,9460,2.16946e+12,0.00221669,2.35703e+12,0.0553549
947,9470,2.16946e+12,0.00385526,2.35703e+12,0.0333777
948,9480,2.16946e+12,0.00337064,2.35703e+12,0.0436536
949,9490,2.16946e+12,0.00131,2.35703e+12,0.0505904
950,9500,2.16946e+12,0.00262798,2.35703e+12,0.049257
951,9510,2.16946e+12,0.00460416,2.35703e+12,0.061313
952,9520,2.16946e+12,0.00395909,2.35703e+12,0.043179
953,9530,2.16946e+12,0.0039981,2.35703e+12,0.0433546
954,9540,2.16946e+12,0.00335265,2.35703e+12,0.0368414
955,9550,2.16946e+12,0.00523651,2.35703e+12,0.0465403
956,9560,2.16946e+12,0.00317835,2.35703e+12,0.0517259
957,9570,2.16946e+12,0.0049022,2.35703e+12,0.0559897
958,9580,2.16946e+12,0.00327836,2.35703e+12,0.0430281
959,9590,2.16946e+12,0.00306137,2.35703e+12,0.0338815
960,9600,2.16946e+12,0.00233583,2.35703e+12,0.0457637
961,9610,2.16946e+12,0.00300492,2.35703e+12,0.0439601
962,9620,2.16946e+12,0.00224892,2.35703e+12,0.0346589
963,9630,2.16946e+12,0.00373462,2.35703e+12,0.0349637
964,9640,2.16946e+12,0.00236442,2.35703e+12,0.0487699
965,9650,2.16946e+12,0.00211442,2.35703e+12,0.0366658
966,9660,2.16946e+12,0.00276818,2.35703e+12,0.0283293
967,9670,2.16946e+12,0.00310091,2.35703e+12,0.0387296
968,9680,2.16946e+12,0.00292519,2.35703e+12,0.0427707
969,9690,2.16946e+12,0.004982,2.35703e+12,0.0361096
970,9700,2.16946e+12,0.00293856,2.35703e+12,0.0323598
971,9710,2.16946e+12,0.00305712,2.35703e+12,0.0333828
972,9720,2.16946e+12,0.00456453,2.35703e+12,0.0464936
973,9730,2.16946e+12,0.00595774,2.35703e+12,0.0400497
974,9740,2.16946e+12,0.00244734,2.35703e+12,0.0381768
975,9750,2.16946e+12,0.00329253,2.35703e+12,0.0294552
976,9760,2.16946e+12,0.00324879,2.35703e+12,0.0482438
977,9770,2.16946e+12,0.00361147,2.35703e+12,0.0456557
978,9780,2.16946e+12,0.00477727,2.35703e+12,0.0361729
979,9790,2.16946e+12,0.00460805,2.35703e+12,0.0309748
980,9800,2.16946e+12,0.00631449,2.35703e+12,0.0399227
981,9810,2.16946e+12,0.00114105,2.35703e+12,0.0438556
982,9820,2.16946e+12,0.0072972,2.35703e+12,0.0304021
983,9830,2.16946e+12,0.00345105,2.35703e+12,0.031919
984,9840,2.16946e+12,0.00699266,2.35703e+12,0.0398588
985,9850,2.16946e+12,0.00862344,2.35703e+12,0.0356494
986,9860,2.16946e+12,0.00544197,2.35703e+12,0.045095
987,9870,2.16946e+12,0.00569208,2.35703e+12,0.0601257
988,9880,2.16946e+12,0.00401926,2.35703e+12,0.0405612
989,9890,2.16946e+12,0.00310094,2.35703e+12,0.0303759
990,9900,2.16946e+12,0.0036714,2.35703e+12,0.0380582
991,9910,2.16946e+12,0.00222501,2.35703e+12,0.0364172
992,9920,2.16946e+12,0.00252754,2.35703e+12,0.0414813
993,9930,2.16946e+12,0.00317099,2.35703e+12,0.0451073
994,9940,2.16946e+12,0.00277232,2.35703e+12,0.047624
995,9950,2.16946e+12,0.00482595,2.35703e+12,0.0387702
996,9960,2.16946e+12,0.00251824,2.35703e+12,0.0482163
997,9970,2.16946e+12,0.00947412,2.35703e+12,0.0689932
998,9980,2.16946e+12,0.00573189,2.35703e+12,0.0367319
999,9990,2.16946e+12,0.00387374,2.35703e+12,0.0425331
1000,10000,2.16946e+12,0.00658233,2.35703e+12,0.0428261
