Gen,Fevals,gbest,Mean Vel.,Mean lbest,Avg. Dist.
1,10,1.10536e+13,0.222,1.32766e+13,1.01177
2,20,9.95474e+12,0.316199,1.2458e+13,1.11027
3,30,9.95474e+12,0.18745,1.21018e+13,1.19922
4,40,9.95474e+12,0.222013,1.18068e+13,1.22204
5,50,8.98456e+12,0.156031,1.0877e+13,1.01505
6,60,8.98456e+12,0.122424,1.0877e+13,0.890458
7,70,8.96031e+12,0.110279,1.07085e+13,1.04245
8,80,8.96031e+12,0.184312,1.01803e+13,1.04927
9,90,8.96031e+12,0.174388,1.01803e+13,1.01646
10,100,8.96031e+12,0.11269,1.01803e+13,0.903591
11,110,8.96031e+12,0.140873,1.0168e+13,0.88154
12,120,8.94571e+12,0.0853121,1.01436e+13,0.897359
13,130,8.94571e+12,0.0755182,1.0043e+13,0.937352
14,140,8.94571e+12,0.0671348,1.0043e+13,0.999486
15,150,8.94571e+12,0.078134,1.0043e+13,0.974388
16,160,8.26511e+12,0.0553101,9.88628e+12,0.838173
17,170,8.26511e+12,0.0862998,9.80912e+12,0.877681
18,180,8.26511e+12,0.0920104,9.80912e+12,0.975037
19,190,8.23755e+12,0.0710435,9.56878e+12,0.874818
20,200,7.38803e+12,0.122901,9.34782e+12,0.847856
21,210,7.38803e+12,0.163972,9.34782e+12,0.849385
22,220,7.27235e+12,0.118063,9.22552e+12,0.906821
23,230,7.27235e+12,0.0776298,9.22552e+12,0.953551
24,240,7.27235e+12,0.0771787,9.22552e+12,0.956589
25,250,7.27235e+12,0.0621543,9.22552e+12,0.877827
26,260,7.27235e+12,0.0798912,9.22552e+12,0.752681
27,270,7.27235e+12,0.122506,9.2207e+12,0.809387
28,280,7.27235e+12,0.0623849,9.1838e+12,0.913263
29,290,7.27235e+12,0.0681291,8.97695e+12,0.729574
30,300,7.27235e+12,0.072258,8.92184e+12,0.726849
31,310,7.27235e+12,0.0422655,8.84935e+12,0.714637
32,320,7.27235e+12,0.0665177,8.81865e+12,0.899717
33,330,7.028e+12,0.040017,8.7346e+12,0.774795
34,340,7.028e+12,0.0710746,8.7346e+12,0.576014
35,350,7.028e+12,0.0329505,8.7105e+12,0.632383
36,360,7.00974e+12,0.0763808,8.61256e+12,0.831993
37,370,7.00974e+12,0.0403133,8.50133e+12,0.811391
38,380,7.00974e+12,0.0477232,8.50133e+12,0.626447
39,390,7.00974e+12,0.028719,8.24589e+12,0.524653
40,400,7.00974e+12,0.0921166,8.24589e+12,0.454839
41,410,7.00974e+12,0.0399618,8.22054e+12,0.606557
42,420,7.00974e+12,0.0697013,8.22054e+12,0.570231
43,430,7.00974e+12,0.0300912,8.22054e+12,0.549231
44,440,7.00974e+12,0.0769373,8.22054e+12,0.534297
45,450,7.00974e+12,0.045595,8.06983e+12,0.642755
46,460,7.00974e+12,0.0555801,8.06983e+12,0.66607
47,470,7.00974e+12,0.0510885,8.06983e+12,0.495353
48,480,7.00974e+12,0.0750266,7.98081e+12,0.48797
49,490,7.00974e+12,0.0357485,7.83419e+12,0.508015
50,500,7.00974e+12,0.0512753,7.83419e+12,0.451481
51,510,7.00974e+12,0.0632242,7.83419e+12,0.489134
52,520,7.00974e+12,0.0173954,7.83419e+12,0.536086
53,530,7.00974e+12,0.0732856,7.83419e+12,0.486444
54,540,7.00974e+12,0.0548261,7.82988e+12,0.535417
55,550,7.00974e+12,0.0691026,7.82988e+12,0.470613
56,560,7.00974e+12,0.064556,7.82988e+12,0.490233
57,570,7.00974e+12,0.0207766,7.82988e+12,0.51971
58,580,7.00974e+12,0.0858197,7.82988e+12,0.494344
59,590,6.87982e+12,0.0279506,7.68077e+12,0.497363
60,600,6.87982e+12,0.106454,7.68077e+12,0.499603
61,610,6.87982e+12,0.0201569,7.62657e+12,0.450072
62,620,6.87982e+12,0.0460255,7.62657e+12,0.533489
63,630,6.87982e+12,0.0448152,7.62657e+12,0.513753
64,640,6.87982e+12,0.037746,7.5928e+12,0.416502
65,650,6.87982e+12,0.0470236,7.51477e+12,0.444744
66,660,6.87982e+12,0.0446317,7.49432e+12,0.401289
67,670,6.87982e+12,0.0388297,7.49432e+12,0.453623
68,680,6.87982e+12,0.0446707,7.49432e+12,0.396136
69,690,6.87982e+12,0.0516306,7.49432e+12,0.395324
70,700,6.87982e+12,0.0280359,7.49432e+12,0.459892
71,710,6.87982e+12,0.0546301,7.49432e+12,0.501088
72,720,6.87982e+12,0.033507,7.49432e+12,0.4471
73,730,6.87982e+12,0.0499524,7.47809e+12,0.399891
74,740,6.80339e+12,0.0270875,7.40451e+12,0.414228
75,750,6.80339e+12,0.0474677,7.40451e+12,0.424278
76,760,6.80339e+12,0.0310288,7.40451e+12,0.462865
77,770,6.80339e+12,0.0524748,7.40451e+12,0.417292
78,780,6.80339e+12,0.0330862,7.40451e+12,0.401379
79,790,6.80339e+12,0.0301918,7.40451e+12,0.382544
80,800,6.80339e+12,0.0461106,7.40451e+12,0.462163
81,810,6.80339e+12,0.0174465,7.3626e+12,0.456287
82,820,6.80339e+12,0.0386901,7.35112e+12,0.419112
83,830,6.80339e+12,0.0173889,7.35112e+12,0.427291
84,840,6.80339e+12,0.0379652,7.32963e+12,0.428148
85,850,6.80339e+12,0.0240917,7.32963e+12,0.475712
86,860,6.80339e+12,0.0242486,7.32963e+12,0.452675
87,870,6.80339e+12,0.0207224,7.32963e+12,0.384365
88,880,6.80339e+12,0.0401208,7.29044e+12,0.445307
89,890,6.80339e+12,0.0299654,7.29044e+12,0.456345
90,900,6.80339e+12,0.0137962,7.29044e+12,0.477775
91,910,6.80339e+12,0.0315774,7.29044e+12,0.390568
92,920,6.80339e+12,0.0264526,7.29044e+12,0.404273
93,930,6.71174e+12,0.0268589,7.20759e+12,0.407328
94,940,6.71174e+12,0.0341465,7.20759e+12,0.395839
95,950,6.71174e+12,0.0252312,7.20759e+12,0.387954
96,960,6.71174e+12,0.0195209,7.20759e+12,0.413409
97,970,6.71174e+12,0.0512799,7.20759e+12,0.416889
98,980,6.71174e+12,0.0317062,7.20759e+12,0.414215
99,990,6.71174e+12,0.0243356,7.20759e+12,0.419659
100,1000,6.71174e+12,0.0364838,7.20759e+12,0.403363
101,1010,6.71174e+12,0.0277616,7.20759e+12,0.292938
102,1020,6.64627e+12,0.0170303,7.10166e+12,0.314979
103,1030,6.64627e+12,0.0287515,7.10166e+12,0.36411
104,1040,6.64627e+12,0.0222181,7.10166e+12,0.379787
105,1050,6.64627e+12,0.0337191,7.10166e+12,0.320206
106,1060,6.64627e+12,0.0260349,7.08156e+12,0.358861
107,1070,6.64627e+12,0.0258936,7.07434e+12,0.416537
108,1080,6.52521e+12,0.0333552,7.05569e+12,0.480816
109,1090,6.52521e+12,0.0286885,7.05569e+12,0.433199
110,1100,6.52521e+12,0.0245912,7.05569e+12,0.361785
111,1110,6.52521e+12,0.0356573,7.05569e+12,0.37148
112,1120,6.52521e+12,0.0360709,7.05569e+12,0.382865
113,1130,6.18122e+12,0.0238892,7.02129e+12,0.433452
114,1140,6.18122e+12,0.0313497,6.98689e+12,0.418275
115,1150,6.18122e+12,0.0251933,6.98689e+12,0.361206
116,1160,6.18122e+12,0.0229537,6.98689e+12,0.3734
117,1170,6.18122e+12,0.0331978,6.98689e+12,0.412737
118,1180,6.18122e+12,0.0280474,6.98689e+12,0.430692
119,1190,6.18122e+12,0.0255503,6.98689e+12,0.321523
120,1200,6.18122e+12,0.0274568,6.98689e+12,0.386999
121,1210,6.18122e+12,0.0292265,6.98689e+12,0.402847
122,1220,6.18122e+12,0.0227455,6.98689e+12,0.387669
123,1230,6.18122e+12,0.0444004,6.98689e+12,0.35326
124,1240,6.18122e+12,0.018375,6.96534e+12,0.392151
125,1250,6.18122e+12,0.0406309,6.96534e+12,0.37127
126,1260,6.18122e+12,0.055657,6.96534e+12,0.341756
127,1270,6.18122e+12,0.0589688,6.96534e+12,0.459315
128,1280,6.18122e+12,0.0217519,6.96534e+12,0.372859
129,1290,6.18122e+12,0.0343198,6.96534e+12,0.375835
130,1300,6.18122e+12,0.0366014,6.96534e+12,0.348317
131,1310,6.18122e+12,0.0267781,6.96534e+12,0.380912
132,1320,6.18122e+12,0.0382533,6.96534e+12,0.44167
133,1330,6.18122e+12,0.0299671,6.96534e+12,0.433555
134,1340,6.18122e+12,0.0115803,6.96534e+12,0.383643
135,1350,6.18122e+12,0.0454636,6.96534e+12,0.352608
136,1360,6.18122e+12,0.0302456,6.96534e+12,0.411262
137,1370,6.18122e+12,0.0367796,6.96534e+12,0.411647
138,1380,6.18122e+12,0.0281035,6.96534e+12,0.404148
139,1390,6.18122e+12,0.042309,6.96534e+12,0.325495
140,1400,6.18122e+12,0.0208761,6.96534e+12,0.400605
141,1410,6.18122e+12,0.0296949,6.96534e+12,0.408556
142,1420,6.18122e+12,0.0311072,6.96534e+12,0.396958
143,1430,6.18122e+12,0.0194201,6.96534e+12,0.426412
144,1440,6.18122e+12,0.0307882,6.96534e+12,0.335282
145,1450,6.18122e+12,0.0395302,6.96534e+12,0.319402
146,1460,6.18122e+12,0.0195452,6.96534e+12,0.414374
147,1470,6.18122e+12,0.0141686,6.96534e+12,0.334563
148,1480,6.18122e+12,0.0175626,6.93707e+12,0.347516
149,1490,6.18122e+12,0.0140747,6.8394e+12,0.369944
150,1500,6.18122e+12,0.120234,6.8394e+12,0.373924
151,1510,6.18122e+12,0.0416285,6.8394e+12,0.240573
152,1520,6.18122e+12,0.079912,6.8394e+12,0.295881
153,1530,6.18122e+12,0.0473964,6.8394e+12,0.323883
154,1540,6.18122e+12,0.0596266,6.8394e+12,0.382014
155,1550,6.18122e+12,0.0380758,6.8394e+12,0.358841
156,1560,6.18122e+12,0.10686,6.8394e+12,0.334705
157,1570,6.18122e+12,0.0212859,6.7926e+12,0.396908
158,1580,6.18122e+12,0.0901703,6.7926e+12,0.286733
159,1590,6.18122e+12,0.0179548,6.73378e+12,0.310423
160,1600,6.18122e+12,0.126098,6.73378e+12,0.248772
161,1610,6.18122e+12,0.0196837,6.73378e+12,0.396207
162,1620,6.18122e+12,0.142199,6.73378e+12,0.333678
163,1630,6.18122e+12,0.0440712,6.73378e+12,0.38475
164,1640,6.18122e+12,0.113231,6.71273e+12,0.328103
165,1650,6.18122e+12,0.102639,6.71273e+12,0.350519
166,1660,6.18122e+12,0.0375083,6.71273e+12,0.288712
167,1670,6.18122e+12,0.0477095,6.71273e+12,0.371324
168,1680,6.18122e+12,0.118055,6.70572e+12,0.336178
169,1690,6.18122e+12,0.0679301,6.70572e+12,0.268653
170,1700,6.18122e+12,0.0873093,6.70572e+12,0.267298
171,1710,6.18122e+12,0.0795695,6.70572e+12,0.312223
172,1720,6.18122e+12,0.0637669,6.70572e+12,0.284963
173,1730,6.18122e+12,0.0821036,6.70572e+12,0.308693
174,1740,6.18122e+12,0.05237,6.70572e+12,0.257168
175,1750,6.18122e+12,0.0373874,6.68869e+12,0.378302
176,1760,6.18122e+12,0.0374218,6.68869e+12,0.319092
177,1770,6.18122e+12,0.0596629,6.68869e+12,0.26032
178,1780,6.18122e+12,0.0364739,6.68242e+12,0.244511
179,1790,6.18122e+12,0.0715611,6.68242e+12,0.316163
180,1800,6.18122e+12,0.0587462,6.68242e+12,0.33269
181,1810,6.18122e+12,0.0733359,6.68242e+12,0.30852
182,1820,6.18122e+12,0.0223037,6.6418e+12,0.297887
183,1830,6.18122e+12,0.046124,6.6418e+12,0.218476
184,1840,6.18122e+12,0.0289346,6.6418e+12,0.343953
185,1850,6.18122e+12,0.0385341,6.6418e+12,0.290499
186,1860,6.18122e+12,0.0427121,6.6418e+12,0.191128
187,1870,6.18122e+12,0.019983,6.6418e+12,0.238792
188,1880,6.18122e+12,0.0322805,6.59179e+12,0.264334
189,1890,6.18122e+12,0.0271999,6.59179e+12,0.349102
190,1900,6.18122e+12,0.0657944,6.59179e+12,0.320986
191,1910,6.18122e+12,0.0414981,6.59179e+12,0.325415
192,1920,6.18122e+12,0.036014,6.59179e+12,0.303833
193,1930,6.18122e+12,0.0306271,6.59179e+12,0.325771
194,1940,6.18122e+12,0.0642239,6.59179e+12,0.352801
195,1950,6.18122e+12,0.0608242,6.59179e+12,0.372533
196,1960,6.18122e+12,0.0970375,6.59179e+12,0.327499
197,1970,6.18122e+12,0.0403508,6.59179e+12,0.319077
198,1980,6.18122e+12,0.0656958,6.59179e+12,0.387698
199,1990,6.18122e+12,0.0591823,6.59179e+12,0.320773
200,2000,6.18122e+12,0.0509254,6.59179e+12,0.360948
201,2010,6.18122e+12,0.0447088,6.59179e+12,0.349809
202,2020,6.18122e+12,0.042389,6.59179e+12,0.304907
203,2030,6.18122e+12,0.0767842,6.59179e+12,0.238555
204,2040,6.18122e+12,0.0702106,6.59179e+12,0.282614
205,2050,6.18122e+12,0.0398272,6.59179e+12,0.335159
206,2060,6.18122e+12,0.0690851,6.59179e+12,0.314893
207,2070,6.18122e+12,0.0487403,6.59179e+12,0.273362
208,2080,6.18122e+12,0.0461818,6.57154e+12,0.254416
209,2090,6.18122e+12,0.0550215,6.49101e+12,0.31411
210,2100,6.18122e+12,0.0483438,6.49101e+12,0.375835
211,2110,6.18122e+12,0.0233135,6.49101e+12,0.316877
212,2120,6.18122e+12,0.0745446,6.49101e+12,0.226782
213,2130,6.18122e+12,0.0746065,6.49101e+12,0.294457
214,2140,6.18122e+12,0.0514691,6.49101e+12,0.37088
215,2150,6.18122e+12,0.0847731,6.49101e+12,0.29444
216,2160,6.04036e+12,0.0636249,6.47015e+12,0.293927
217,2170,6.04036e+12,0.0470937,6.47015e+12,0.196766
218,2180,6.04036e+12,0.0562564,6.47015e+12,0.332317
219,2190,6.04036e+12,0.0415241,6.47015e+12,0.402869
220,2200,6.04036e+12,0.0766909,6.47015e+12,0.206512
221,2210,6.04036e+12,0.066825,6.47015e+12,0.236474
222,2220,6.04036e+12,0.0349064,6.43072e+12,0.299861
223,2230,6.04036e+12,0.0840961,6.43072e+12,0.302173
224,2240,6.04036e+12,0.0323851,6.4127e+12,0.231842
225,2250,6.04036e+12,0.0770371,6.4127e+12,0.287866
226,2260,6.04036e+12,0.0418168,6.4127e+12,0.333925
227,2270,6.04036e+12,0.0259939,6.4127e+12,0.314304
228,2280,6.04036e+12,0.0646374,6.4127e+12,0.21116
229,2290,6.04036e+12,0.0465126,6.4127e+12,0.242401
230,2300,6.04036e+12,0.0532937,6.4127e+12,0.289462
231,2310,6.04036e+12,0.047341,6.4127e+12,0.228336
232,2320,6.04036e+12,0.0383457,6.4127e+12,0.288497
233,2330,6.04036e+12,0.0605084,6.4127e+12,0.366549
234,2340,6.04036e+12,0.0254481,6.4127e+12,0.292486
235,2350,6.04036e+12,0.0419731,6.4127e+12,0.265004
236,2360,6.04036e+12,0.0573609,6.4127e+12,0.271385
237,2370,6.04036e+12,0.0661459,6.4127e+12,0.319939
238,2380,6.04036e+12,0.0547735,6.4127e+12,0.354921
239,2390,6.04036e+12,0.0491745,6.4127e+12,0.246243
240,2400,6.04036e+12,0.0302374,6.4127e+12,0.338462
241,2410,6.04036e+12,0.0530246,6.4127e+12,0.379992
242,2420,6.04036e+12,0.062988,6.4127e+12,0.285648
243,2430,6.04036e+12,0.0181465,6.4127e+12,0.286868
244,2440,6.04036e+12,0.0632222,6.4127e+12,0.297403
245,2450,6.04036e+12,0.0614227,6.4127e+12,0.294987
246,2460,6.04036e+12,0.0602888,6.4127e+12,0.292439
247,2470,6.04036e+12,0.078224,6.4127e+12,0.2215
248,2480,6.04036e+12,0.0579307,6.4127e+12,0.287096
249,2490,6.04036e+12,0.0512406,6.4127e+12,0.264471
250,2500,6.04036e+12,0.0803304,6.4127e+12,0.309981
251,2510,6.04036e+12,0.0327165,6.4127e+12,0.231105
252,2520,6.04036e+12,0.0500916,6.4127e+12,0.290144
253,2530,6.04036e+12,0.0622321,6.4127e+12,0.275492
254,2540,6.04036e+12,0.0350127,6.4127e+12,0.365216
255,2550,6.04036e+12,0.0454054,6.4127e+12,0.244699
256,2560,6.04036e+12,0.0310307,6.4127e+12,0.292873
257,2570,6.04036e+12,0.0663584,6.4127e+12,0.240162
258,2580,6.04036e+12,0.0542826,6.4127e+12,0.346273
259,2590,6.04036e+12,0.0396499,6.4127e+12,0.287466
260,2600,6.04036e+12,0.0663593,6.4127e+12,0.207896
261,2610,6.04036e+12,0.0360187,6.4127e+12,0.166735
262,2620,6.04036e+12,0.0580439,6.4127e+12,0.297387
263,2630,6.04036e+12,0.0330829,6.4127e+12,0.392354
264,2640,6.04036e+12,0.0448598,6.4127e+12,0.27172
265,2650,6.04036e+12,0.0937645,6.4127e+12,0.191731
266,2660,6.04036e+12,0.0623061,6.4127e+12,0.308426
267,2670,6.04036e+12,0.0730495,6.4127e+12,0.360162
268,2680,6.04036e+12,0.0422039,6.4127e+12,0.272022
269,2690,6.04036e+12,0.0763983,6.4127e+12,0.176665
270,2700,6.04036e+12,0.0606556,6.4127e+12,0.225471
271,2710,6.04036e+12,0.0417323,6.4127e+12,0.362504
272,2720,6.04036e+12,0.0548498,6.4127e+12,0.254164
273,2730,6.04036e+12,0.0344137,6.4127e+12,0.192751
274,2740,6.04036e+12,0.0403487,6.4127e+12,0.297357
275,2750,6.04036e+12,0.0850098,6.4127e+12,0.257379
276,2760,6.04036e+12,0.0307462,6.4127e+12,0.29529
277,2770,6.04036e+12,0.0403386,6.4127e+12,0.21752
278,2780,6.04036e+12,0.0385258,6.4127e+12,0.201254
279,2790,6.04036e+12,0.0471013,6.4127e+12,0.292061
280,2800,6.04036e+12,0.0820379,6.4127e+12,0.25707
281,2810,6.04036e+12,0.0479289,6.4127e+12,0.233744
282,2820,6.04036e+12,0.0749243,6.4127e+12,0.279503
283,2830,6.04036e+12,0.0262569,6.4127e+12,0.316229
284,2840,6.04036e+12,0.075482,6.4127e+12,0.279614
285,2850,6.04036e+12,0.056383,6.4127e+12,0.306982
286,2860,6.04036e+12,0.0483828,6.4127e+12,0.33636
287,2870,6.04036e+12,0.0861116,6.4127e+12,0.236249
288,2880,6.04036e+12,0.0265251,6.4127e+12,0.165556
289,2890,6.04036e+12,0.0387665,6.4127e+12,0.298593
290,2900,6.04036e+12,0.0433361,6.4127e+12,0.394773
291,2910,6.04036e+12,0.0709405,6.4127e+12,0.284531
292,2920,6.04036e+12,0.0433017,6.4127e+12,0.256043
293,2930,6.04036e+12,0.0419831,6.4127e+12,0.261594
294,2940,6.04036e+12,0.0466165,6.4127e+12,0.331352
295,2950,6.04036e+12,0.0416722,6.4127e+12,0.277459
296,2960,6.04036e+12,0.0521491,6.4127e+12,0.233661
297,2970,6.04036e+12,0.0341658,6.4127e+12,0.301099
298,2980,6.04036e+12,0.0460613,6.4127e+12,0.328991
299,2990,6.04036e+12,0.0430502,6.4127e+12,0.299068
300,3000,6.04036e+12,0.0228864,6.4127e+12,0.246448
301,3010,6.04036e+12,0.0328637,6.4127e+12,0.219908
302,3020,6.04036e+12,0.0432836,6.4127e+12,0.290507
303,3030,6.04036e+12,0.0321164,6.4127e+12,0.37409
304,3040,6.04036e+12,0.0202628,6.4127e+12,0.318976
305,3050,6.04036e+12,0.0721784,6.4127e+12,0.245087
306,3060,6.04036e+12,0.0722998,6.4127e+12,0.298888
307,3070,6.04036e+12,0.0656447,6.4127e+12,0.246514
308,3080,6.04036e+12,0.0323744,6.4127e+12,0.370201
309,3090,6.04036e+12,0.0631481,6.4127e+12,0.309457
310,3100,6.04036e+12,0.0429429,6.4127e+12,0.274382
311,3110,6.04036e+12,0.0537968,6.4127e+12,0.271321
312,3120,6.04036e+12,0.0327006,6.4127e+12,0.267953
313,3130,6.04036e+12,0.0498551,6.4127e+12,0.368615
314,3140,6.04036e+12,0.0264676,6.4127e+12,0.32195
315,3150,6.04036e+12,0.0368144,6.4127e+12,0.268719
316,3160,6.04036e+12,0.0335225,6.4127e+12,0.333741
317,3170,6.04036e+12,0.0466224,6.4127e+12,0.239354
318,3180,6.04036e+12,0.0664003,6.40889e+12,0.332766
319,3190,6.04036e+12,0.0417737,6.40889e+12,0.264246
320,3200,6.04036e+12,0.0670127,6.40889e+12,0.218215
321,3210,6.04036e+12,0.0280693,6.40889e+12,0.243813
322,3220,6.04036e+12,0.0271486,6.40889e+12,0.319195
323,3230,6.04036e+12,0.0354119,6.40889e+12,0.297617
324,3240,6.04036e+12,0.0534675,6.40889e+12,0.258626
325,3250,6.04036e+12,0.0530385,6.40889e+12,0.269609
326,3260,6.04036e+12,0.0507036,6.40889e+12,0.316774
327,3270,6.04036e+12,0.0355324,6.40889e+12,0.29368
328,3280,6.04036e+12,0.0456674,6.40889e+12,0.331682
329,3290,6.04036e+12,0.0347699,6.40889e+12,0.213425
330,3300,6.04036e+12,0.0424236,6.40889e+12,0.265143
331,3310,6.04036e+12,0.0488797,6.40889e+12,0.324687
332,3320,6.04036e+12,0.0294433,6.40889e+12,0.257315
333,3330,6.04036e+12,0.0365627,6.40889e+12,0.311858
334,3340,6.03809e+12,0.0840614,6.40866e+12,0.278353
335,3350,6.03809e+12,0.116906,6.40866e+12,0.255321
336,3360,6.03809e+12,0.037082,6.40866e+12,0.235902
337,3370,6.03809e+12,0.0423054,6.40866e+12,0.266044
338,3380,6.03809e+12,0.0502414,6.40866e+12,0.333083
339,3390,6.03809e+12,0.0390345,6.40866e+12,0.27123
340,3400,6.03809e+12,0.04784,6.40866e+12,0.236649
341,3410,6.03809e+12,0.0521147,6.40866e+12,0.255005
342,3420,6.03809e+12,0.0375463,6.36188e+12,0.313707
343,3430,6.03809e+12,0.0871007,6.36188e+12,0.279008
344,3440,6.03809e+12,0.0804093,6.36188e+12,0.293551
345,3450,6.03809e+12,0.0489081,6.36188e+12,0.37339
346,3460,6.03809e+12,0.0512279,6.36188e+12,0.27088
347,3470,6.03809e+12,0.057889,6.36188e+12,0.203417
348,3480,6.03809e+12,0.066747,6.36188e+12,0.368385
349,3490,6.03809e+12,0.0624645,6.36188e+12,0.182409
350,3500,6.03809e+12,0.0578378,6.36188e+12,0.310369
351,3510,6.03809e+12,0.0984052,6.36188e+12,0.277874
352,3520,6.03809e+12,0.0952591,6.36188e+12,0.327084
353,3530,6.03809e+12,0.0444916,6.36188e+12,0.427343
354,3540,6.03809e+12,0.0968902,6.36188e+12,0.271895
355,3550,6.03809e+12,0.0518251,6.36188e+12,0.283017
356,3560,6.03809e+12,0.039215,6.36188e+12,0.340801
357,3570,6.03809e+12,0.0851682,6.36188e+12,0.349213
358,3580,6.03809e+12,0.0378367,6.36188e+12,0.225851
359,3590,6.03809e+12,0.0970468,6.36188e+12,0.285878
360,3600,6.03809e+12,0.0434321,6.36188e+12,0.358966
361,3610,6.03809e+12,0.0766981,6.36188e+12,0.297936
362,3620,6.03809e+12,0.0540969,6.36188e+12,0.210994
363,3630,6.03809e+12,0.0895972,6.36188e+12,0.339402
364,3640,6.03809e+12,0.0889654,6.36188e+12,0.271015
365,3650,6.03809e+12,0.0856205,6.36188e+12,0.283473
366,3660,6.03809e+12,0.0829072,6.36188e+12,0.316517
367,3670,6.03809e+12,0.0542995,6.36188e+12,0.351428
368,3680,6.03809e+12,0.028828,6.36188e+12,0.23746
369,3690,6.03809e+12,0.0528351,6.36188e+12,0.302113
370,3700,6.03809e+12,0.0275773,6.36188e+12,0.306257
371,3710,6.03809e+12,0.0535194,6.36188e+12,0.280052
372,3720,6.03809e+12,0.0299477,6.36188e+12,0.389301
373,3730,6.03809e+12,0.0878597,6.36188e+12,0.27346
374,3740,6.03809e+12,0.0582553,6.36188e+12,0.206873
375,3750,6.03809e+12,0.0767288,6.36188e+12,0.281889
376,3760,6.03809e+12,0.0601324,6.36188e+12,0.341315
377,3770,6.03809e+12,0.0738426,6.35395e+12,0.271134
378,3780,6.03809e+12,0.0399965,6.35395e+12,0.334003
379,3790,6.03809e+12,0.0425082,6.35395e+12,0.249673
380,3800,6.03809e+12,0.0558914,6.35395e+12,0.35408
381,3810,6.03809e+12,0.0406909,6.35395e+12,0.350835
382,3820,5.82443e+12,0.0607472,6.29842e+12,0.367481
383,3830,5.82443e+12,0.104098,6.29842e+12,0.30803
384,3840,5.82443e+12,0.0825397,6.29842e+12,0.296219
385,3850,5.82443e+12,0.0960398,6.29842e+12,0.355779
386,3860,5.82443e+12,0.0461182,6.29842e+12,0.403924
387,3870,5.82443e+12,0.0527619,6.29842e+12,0.281707
388,3880,5.82443e+12,0.063054,6.29842e+12,0.272716
389,3890,5.82443e+12,0.0285768,6.29842e+12,0.394481
390,3900,5.82443e+12,0.0327181,6.29842e+12,0.38256
391,3910,5.82443e+12,0.0339216,6.29842e+12,0.383656
392,3920,5.82443e+12,0.0388437,6.29842e+12,0.340535
393,3930,5.82443e+12,0.0604203,6.29842e+12,0.333226
394,3940,5.82443e+12,0.0392193,6.29842e+12,0.320138
395,3950,5.82443e+12,0.0599736,6.29842e+12,0.34809
396,3960,5.82443e+12,0.0327345,6.29842e+12,0.422887
397,3970,5.82443e+12,0.0301725,6.29842e+12,0.459086
398,3980,5.82443e+12,0.0259313,6.29842e+12,0.405832
399,3990,5.82443e+12,0.0713736,6.29842e+12,0.286752
400,4000,5.82443e+12,0.0415911,6.29842e+12,0.274036
401,4010,5.82443e+12,0.0488715,6.29842e+12,0.477699
402,4020,5.82443e+12,0.0608852,6.29842e+12,0.36455
403,4030,5.82443e+12,0.0339855,6.29842e+12,0.286595
404,4040,5.82443e+12,0.0223239,6.29842e+12,0.302633
405,4050,5.82443e+12,0.0633241,6.29842e+12,0.328435
406,4060,5.82443e+12,0.0520658,6.29842e+12,0.457694
407,4070,5.82443e+12,0.0633866,6.29842e+12,0.369072
408,4080,5.82443e+12,0.0594925,6.29842e+12,0.345265
409,4090,5.82443e+12,0.0474517,6.29842e+12,0.352883
410,4100,5.82443e+12,0.0325163,6.29842e+12,0.432262
411,4110,5.82443e+12,0.0799622,6.29842e+12,0.364878
412,4120,5.82443e+12,0.0323486,6.29842e+12,0.340816
413,4130,5.82443e+12,0.0438218,6.29842e+12,0.419852
414,4140,5.82443e+12,0.0438263,6.29842e+12,0.313056
415,4150,5.82443e+12,0.0363235,6.29842e+12,0.371625
416,4160,5.82443e+12,0.0410653,6.29842e+12,0.382162
417,4170,5.82443e+12,0.0414266,6.29842e+12,0.353023
418,4180,5.82443e+12,0.0416919,6.29842e+12,0.351366
419,4190,5.82443e+12,0.0633824,6.29842e+12,0.399425
420,4200,5.82443e+12,0.0394747,6.29842e+12,0.323413
421,4210,5.82443e+12,0.0374216,6.29842e+12,0.424625
422,4220,5.82443e+12,0.0420093,6.29842e+12,0.413952
423,4230,5.82443e+12,0.0278234,6.29842e+12,0.341277
424,4240,5.82443e+12,0.0386999,6.29842e+12,0.333113
425,4250,5.82443e+12,0.0204522,6.29842e+12,0.404801
426,4260,5.82443e+12,0.0681061,6.29842e+12,0.362209
427,4270,5.82443e+12,0.0600252,6.29842e+12,0.300594
428,4280,5.82443e+12,0.0389646,6.29842e+12,0.385095
429,4290,5.82443e+12,0.0331629,6.29842e+12,0.325586
430,4300,5.82443e+12,0.0265876,6.29842e+12,0.503951
431,4310,5.82443e+12,0.0894349,6.29842e+12,0.448553
432,4320,5.82443e+12,0.0770221,6.29842e+12,0.313622
433,4330,5.82443e+12,0.0335303,6.29842e+12,0.347892
434,4340,5.82443e+12,0.0896673,6.29842e+12,0.4583
435,4350,5.82443e+12,0.100135,6.29842e+12,0.458863
436,4360,5.82443e+12,0.0363265,6.27248e+12,0.427734
437,4370,5.82443e+12,0.0767529,6.27248e+12,0.377966
438,4380,5.82443e+12,0.0337239,6.27248e+12,0.383007
439,4390,5.82443e+12,0.0214926,6.27248e+12,0.392239
440,4400,5.82443e+12,0.0280026,6.25056e+12,0.366287
441,4410,5.82443e+12,0.024298,6.25056e+12,0.449757
442,4420,5.82443e+12,0.0214437,6.25056e+12,0.43938
443,4430,5.82443e+12,0.0294847,6.25056e+12,0.459514
444,4440,5.82443e+12,0.0329828,6.25056e+12,0.392842
445,4450,5.82443e+12,0.0360045,6.25056e+12,0.32261
446,4460,5.82443e+12,0.029078,6.25056e+12,0.419419
447,4470,5.82443e+12,0.0272046,6.25056e+12,0.370815
448,4480,5.82443e+12,0.0222779,6.25056e+12,0.398973
449,4490,5.82443e+12,0.0325606,6.25056e+12,0.276834
450,4500,5.82443e+12,0.0357053,6.25056e+12,0.405981
451,4510,5.82443e+12,0.0229234,6.25056e+12,0.471652
452,4520,5.82443e+12,0.0389232,6.25056e+12,0.337424
453,4530,5.82443e+12,0.0185347,6.25056e+12,0.352685
454,4540,5.82443e+12,0.0379158,6.25056e+12,0.33186
455,4550,5.82443e+12,0.0232089,6.25056e+12,0.321531
456,4560,5.82443e+12,0.0129266,6.25056e+12,0.353749
457,4570,5.82443e+12,0.0335302,6.25056e+12,0.3699
458,4580,5.82443e+12,0.0232097,6.25056e+12,0.313942
459,4590,5.82443e+12,0.0110702,6.25056e+12,0.36586
460,4600,5.82443e+12,0.0274072,6.25056e+12,0.433329
461,4610,5.82443e+12,0.0136184,6.25056e+12,0.380459
462,4620,5.2764e+12,0.0166409,6.16389e+12,0.375687
463,4630,5.2764e+12,0.0211773,6.16389e+12,0.368649
464,4640,5.2764e+12,0.0175093,6.16389e+12,0.37232
465,4650,5.2764e+12,0.0300045,6.16389e+12,0.387125
466,4660,5.2764e+12,0.0229283,6.16389e+12,0.422047
467,4670,5.2764e+12,0.0313684,6.16389e+12,0.301024
468,4680,5.2764e+12,0.0144798,6.16389e+12,0.344771
469,4690,5.2764e+12,0.0260012,6.16389e+12,0.475988
470,4700,5.2764e+12,0.0205008,6.16389e+12,0.363512
471,4710,5.2764e+12,0.0225517,6.16389e+12,0.322509
472,4720,5.2764e+12,0.0309416,6.16389e+12,0.357764
473,4730,5.2764e+12,0.0344464,6.16389e+12,0.338344
474,4740,5.2764e+12,0.0125509,6.16389e+12,0.401685
475,4750,5.2764e+12,0.0163197,6.16389e+12,0.396514
476,4760,5.2764e+12,0.0101346,6.16389e+12,0.347273
477,4770,5.2764e+12,0.0232643,6.16389e+12,0.330301
478,4780,5.2764e+12,0.0195004,6.16389e+12,0.401398
479,4790,5.2764e+12,0.0143652,6.16389e+12,0.388624
480,4800,5.2764e+12,0.0135263,6.16389e+12,0.30532
481,4810,5.2764e+12,0.0191671,6.16389e+12,0.348687
482,4820,5.2764e+12,0.0177106,6.16389e+12,0.39885
483,4830,5.2764e+12,0.0126716,6.16389e+12,0.413447
484,4840,5.2764e+12,0.021541,6.16389e+12,0.405538
485,4850,5.2764e+12,0.0151651,6.16389e+12,0.327897
486,4860,5.2764e+12,0.0220372,6.16389e+12,0.354524
487,4870,5.2764e+12,0.0108676,6.16389e+12,0.382266
488,4880,5.2764e+12,0.0107666,6.16389e+12,0.398217
489,4890,5.2764e+12,0.0119202,6.16389e+12,0.333981
490,4900,5.2764e+12,0.0215805,6.16389e+12,0.317897
491,4910,5.2764e+12,0.0174651,6.16389e+12,0.341643
492,4920,5.2764e+12,0.0111617,6.16389e+12,0.375856
493,4930,5.2764e+12,0.00827555,6.16389e+12,0.493257
494,4940,5.2764e+12,0.0170938,6.12686e+12,0.408826
495,4950,5.2764e+12,0.0893894,6.12686e+12,0.337892
496,4960,5.2764e+12,0.0291095,6.12686e+12,0.334082
497,4970,5.2764e+12,0.0879955,6.12686e+12,0.292997
498,4980,5.2764e+12,0.0384986,6.12686e+12,0.44149
499,4990,5.2764e+12,0.0610184,6.12686e+12,0.319881
500,5000,5.2764e+12,0.0339505,6.12686e+12,0.353114
501,5010,5.2764e+12,0.0520979,6.12686e+12,0.352745
502,5020,5.2764e+12,0.0474992,6.12686e+12,0.397127
503,5030,5.2764e+12,0.0706095,6.12686e+12,0.278836
504,5040,5.2764e+12,0.0541306,6.12686e+12,0.310106
505,5050,5.2764e+12,0.0454166,6.12686e+12,0.342638
506,5060,5.2764e+12,0.052421,6.12686e+12,0.352982
507,5070,5.2764e+12,0.0782138,6.12686e+12,0.398054
508,5080,5.2764e+12,0.0367746,6.12686e+12,0.318201
509,5090,5.2764e+12,0.0268747,6.12686e+12,0.351202
510,5100,5.2764e+12,0.0419903,6.12686e+12,0.278405
511,5110,5.2764e+12,0.0631414,6.12686e+12,0.367857
512,5120,5.2764e+12,0.0507046,6.12686e+12,0.373655
513,5130,5.2764e+12,0.0679384,6.12686e+12,0.279302
514,5140,5.2764e+12,0.0796921,6.12686e+12,0.302964
515,5150,5.2764e+12,0.0354247,6.12686e+12,0.289984
516,5160,5.2764e+12,0.0756008,6.12686e+12,0.340958
517,5170,5.2764e+12,0.0510422,6.12686e+12,0.322728
518,5180,5.2764e+12,0.0781682,6.12686e+12,0.328554
519,5190,5.2764e+12,0.0216243,6.12686e+12,0.336572
520,5200,5.2764e+12,0.0875084,6.12686e+12,0.304613
521,5210,5.2764e+12,0.0213354,6.12686e+12,0.326145
522,5220,5.2764e+12,0.0295096,6.12686e+12,0.297203
523,5230,5.2764e+12,0.0338082,6.12686e+12,0.261249
524,5240,5.2764e+12,0.0321693,6.12686e+12,0.311046
525,5250,5.2764e+12,0.0485264,6.12686e+12,0.299475
526,5260,5.2764e+12,0.024457,6.12686e+12,0.333618
527,5270,5.2764e+12,0.0320404,6.12686e+12,0.311615
528,5280,5.2764e+12,0.0181951,6.12686e+12,0.324838
529,5290,5.2764e+12,0.0269551,6.12686e+12,0.291943
530,5300,5.2764e+12,0.0584106,6.12686e+12,0.310624
531,5310,5.2764e+12,0.061677,6.12686e+12,0.33864
532,5320,5.2764e+12,0.043546,6.12686e+12,0.369956
533,5330,5.2764e+12,0.029017,6.12686e+12,0.327359
534,5340,5.2764e+12,0.0839768,6.12686e+12,0.377928
535,5350,5.2764e+12,0.0279982,6.12686e+12,0.454467
536,5360,5.2764e+12,0.0896548,6.12686e+12,0.314581
537,5370,5.2764e+12,0.086706,6.11995e+12,0.470997
538,5380,5.2764e+12,0.0187485,6.11995e+12,0.418113
539,5390,5.2764e+12,0.0824357,6.11995e+12,0.298639
540,5400,5.2764e+12,0.0534704,6.11995e+12,0.421585
541,5410,5.2764e+12,0.0885695,6.11995e+12,0.341612
542,5420,5.2764e+12,0.0419931,6.11995e+12,0.398862
543,5430,5.2764e+12,0.075997,6.11995e+12,0.316577
544,5440,5.2764e+12,0.0671079,6.11995e+12,0.374784
545,5450,5.2764e+12,0.0387848,6.11995e+12,0.339111
546,5460,5.2764e+12,0.0596983,6.11995e+12,0.341794
547,5470,5.2764e+12,0.0320706,6.11995e+12,0.249799
548,5480,5.2764e+12,0.0446564,6.11995e+12,0.272238
549,5490,5.2764e+12,0.0426455,6.11995e+12,0.34262
550,5500,5.2764e+12,0.0313398,6.11995e+12,0.345571
551,5510,5.2764e+12,0.0642041,6.11995e+12,0.285604
552,5520,5.2764e+12,0.0829172,6.11995e+12,0.29764
553,5530,5.2764e+12,0.0351996,6.11995e+12,0.28654
554,5540,5.2764e+12,0.0788429,6.11995e+12,0.333392
555,5550,5.2764e+12,0.0293637,6.11995e+12,0.325551
556,5560,5.2764e+12,0.0409883,6.11995e+12,0.291638
557,5570,5.2764e+12,0.0379362,6.11995e+12,0.289597
558,5580,5.2764e+12,0.0340027,6.11995e+12,0.282144
559,5590,5.2764e+12,0.0399274,6.11995e+12,0.287073
560,5600,5.2764e+12,0.0333861,6.11403e+12,0.307728
561,5610,5.2764e+12,0.0269452,6.11403e+12,0.284106
562,5620,5.2764e+12,0.0228922,6.11403e+12,0.29773
563,5630,5.2764e+12,0.0347004,6.11403e+12,0.319066
564,5640,5.2764e+12,0.0328672,6.11403e+12,0.25109
565,5650,5.2764e+12,0.0311748,6.11403e+12,0.302505
566,5660,5.2764e+12,0.0307872,6.11403e+12,0.287428
567,5670,5.2764e+12,0.0182978,6.11403e+12,0.276939
568,5680,5.2764e+12,0.0502948,6.11403e+12,0.28891
569,5690,5.2764e+12,0.039135,6.11403e+12,0.303131
570,5700,5.2764e+12,0.0268717,6.11403e+12,0.307485
571,5710,5.2764e+12,0.0413142,6.11403e+12,0.33692
572,5720,5.2764e+12,0.0305982,6.11403e+12,0.334242
573,5730,5.2764e+12,0.0500386,6.11403e+12,0.326226
574,5740,5.2764e+12,0.0676141,6.11403e+12,0.316916
575,5750,5.2764e+12,0.0215367,6.11403e+12,0.295271
576,5760,5.2764e+12,0.0701201,6.11403e+12,0.337916
577,5770,5.2764e+12,0.0536705,6.11403e+12,0.331328
578,5780,5.2764e+12,0.0111528,6.11403e+12,0.303059
579,5790,5.2764e+12,0.0301837,6.11403e+12,0.319516
580,5800,5.2764e+12,0.0220935,6.11403e+12,0.310829
581,5810,5.2764e+12,0.0450084,6.11403e+12,0.310654
582,5820,5.2764e+12,0.0302716,6.11403e+12,0.388321
583,5830,5.2764e+12,0.0532311,6.11403e+12,0.316932
584,5840,5.2764e+12,0.0352538,6.11403e+12,0.284853
585,5850,5.2764e+12,0.0222649,6.11403e+12,0.241351
586,5860,5.2764e+12,0.0423365,6.11403e+12,0.312363
587,5870,5.2764e+12,0.0785361,6.11403e+12,0.304091
588,5880,5.2764e+12,0.0287811,6.11403e+12,0.302949
589,5890,5.2764e+12,0.0744988,6.11403e+12,0.270813
590,5900,5.2764e+12,0.0467239,6.11403e+12,0.35717
591,5910,5.2764e+12,0.0858286,6.11403e+12,0.316225
592,5920,5.2764e+12,0.0187081,6.11403e+12,0.274362
593,5930,5.2764e+12,0.0893134,6.11403e+12,0.304463
594,5940,5.2764e+12,0.0274695,6.11403e+12,0.338766
595,5950,5.2764e+12,0.0311265,6.11403e+12,0.343028
596,5960,5.2764e+12,0.0861779,6.11403e+12,0.301128
597,5970,5.2764e+12,0.035267,6.11403e+12,0.277018
598,5980,5.2764e+12,0.0478142,6.11403e+12,0.288601
599,5990,5.2764e+12,0.068314,6.11403e+12,0.329387
600,6000,5.2764e+12,0.057384,6.11403e+12,0.337386
601,6010,5.2764e+12,0.0617876,6.11403e+12,0.240191
602,6020,5.2764e+12,0.0364624,6.11403e+12,0.262677
603,6030,5.2764e+12,0.0478617,6.11403e+12,0.290189
604,6040,5.2764e+12,0.0752576,6.11403e+12,0.364425
605,6050,5.2764e+12,0.0624769,6.11403e+12,0.297404
606,6060,5.2764e+12,0.0746825,6.11403e+12,0.351588
607,6070,5.2764e+12,0.0258927,6.11403e+12,0.331645
608,6080,5.2764e+12,0.12802,6.11403e+12,0.410325
609,6090,5.2764e+12,0.0966253,6.11403e+12,0.331734
610,6100,5.2764e+12,0.134613,6.11403e+12,0.279506
611,6110,5.2764e+12,0.0248251,6.11403e+12,0.320149
612,6120,5.2764e+12,0.0800721,6.11403e+12,0.336093
613,6130,5.2764e+12,0.0698606,6.11403e+12,0.300145
614,6140,5.2764e+12,0.0578666,6.11403e+12,0.296243
615,6150,5.2764e+12,0.0661332,6.11403e+12,0.288169
616,6160,5.2764e+12,0.0605766,6.11403e+12,0.351175
617,6170,5.2764e+12,0.0294711,6.11403e+12,0.368118
618,6180,5.2764e+12,0.0706363,6.11403e+12,0.268732
619,6190,5.2764e+12,0.0352286,6.11403e+12,0.252573
620,6200,5.2764e+12,0.0342609,6.11403e+12,0.270553
621,6210,5.2764e+12,0.0381091,6.11403e+12,0.302577
622,6220,5.2764e+12,0.0603718,6.11403e+12,0.332335
623,6230,5.2764e+12,0.0457226,6.11403e+12,0.387997
624,6240,5.2764e+12,0.0503132,6.11403e+12,0.298991
625,6250,5.2764e+12,0.0588856,6.11403e+12,0.295578
626,6260,5.2764e+12,0.0494499,6.11403e+12,0.367408
627,6270,5.2764e+12,0.0830767,6.11403e+12,0.369873
628,6280,5.2764e+12,0.0727934,6.11403e+12,0.311874
629,6290,5.2764e+12,0.0586811,6.11403e+12,0.32064
630,6300,5.2764e+12,0.0724692,6.11403e+12,0.403759
631,6310,5.2764e+12,0.0259067,6.11403e+12,0.310528
632,6320,5.2764e+12,0.0800895,6.11403e+12,0.352767
633,6330,5.2764e+12,0.0555473,6.02385e+12,0.317555
634,6340,5.2764e+12,0.0407972,6.02385e+12,0.274541
635,6350,5.2764e+12,0.0312563,6.02385e+12,0.289616
636,6360,5.2764e+12,0.0384069,6.02385e+12,0.328814
637,6370,5.2764e+12,0.0304703,6.02385e+12,0.285377
638,6380,5.2764e+12,0.0504286,6.02385e+12,0.284731
639,6390,5.2764e+12,0.0291595,6.02385e+12,0.382965
640,6400,5.2764e+12,0.0422905,6.02385e+12,0.357545
641,6410,5.2515e+12,0.0339451,5.99053e+12,0.289373
642,6420,5.2515e+12,0.0258073,5.99053e+12,0.282786
643,6430,5.2515e+12,0.0176374,5.99053e+12,0.288608
644,6440,5.2515e+12,0.0304236,5.99053e+12,0.279172
645,6450,5.2515e+12,0.0209198,5.99053e+12,0.330868
646,6460,5.2515e+12,0.0183204,5.99053e+12,0.281467
647,6470,5.2515e+12,0.0264383,5.99053e+12,0.343234
648,6480,5.2515e+12,0.0141469,5.99053e+12,0.357401
649,6490,5.2515e+12,0.0297047,5.99053e+12,0.296559
650,6500,5.2515e+12,0.0174185,5.99053e+12,0.237062
651,6510,5.2515e+12,0.0187156,5.99053e+12,0.220183
652,6520,5.2515e+12,0.0348058,5.99053e+12,0.287117
653,6530,5.2515e+12,0.0249995,5.99053e+12,0.287411
654,6540,5.2515e+12,0.0201651,5.96786e+12,0.25949
655,6550,5.2515e+12,0.0357421,5.96786e+12,0.291633
656,6560,5.2515e+12,0.0219121,5.96786e+12,0.316016
657,6570,5.2515e+12,0.0313113,5.96786e+12,0.257913
658,6580,5.2515e+12,0.0103205,5.96786e+12,0.27268
659,6590,5.2515e+12,0.015384,5.96786e+12,0.285891
660,6600,5.2515e+12,0.01836,5.96786e+12,0.31496
661,6610,5.2515e+12,0.015997,5.96786e+12,0.239711
662,6620,5.2515e+12,0.0238746,5.96786e+12,0.270594
663,6630,5.2515e+12,0.0137669,5.96786e+12,0.31503
664,6640,5.2515e+12,0.0264241,5.96786e+12,0.263252
665,6650,5.2515e+12,0.0278617,5.96786e+12,0.300468
666,6660,5.2515e+12,0.0166188,5.96786e+12,0.304394
667,6670,5.2515e+12,0.0286529,5.96786e+12,0.283322
668,6680,5.2515e+12,0.0170592,5.96786e+12,0.266648
669,6690,5.2515e+12,0.0214138,5.96786e+12,0.263713
670,6700,5.2515e+12,0.0120384,5.96786e+12,0.351484
671,6710,5.2515e+12,0.0243369,5.96786e+12,0.265549
672,6720,5.2515e+12,0.027051,5.96786e+12,0.270058
673,6730,5.2515e+12,0.00902532,5.96786e+12,0.289632
674,6740,5.2515e+12,0.0307653,5.96786e+12,0.262615
675,6750,5.2515e+12,0.0189304,5.96786e+12,0.27398
676,6760,5.2515e+12,0.0321261,5.96786e+12,0.260325
677,6770,5.2515e+12,0.0089397,5.96786e+12,0.328628
678,6780,5.2515e+12,0.0301766,5.96786e+12,0.271314
679,6790,5.2515e+12,0.011498,5.96786e+12,0.258726
680,6800,5.2515e+12,0.00797977,5.96786e+12,0.286595
681,6810,5.2515e+12,0.0165265,5.96786e+12,0.28166
682,6820,5.2515e+12,0.0146904,5.96786e+12,0.24109
683,6830,5.2515e+12,0.020179,5.96786e+12,0.287349
684,6840,5.2515e+12,0.0183424,5.96786e+12,0.312042
685,6850,5.2515e+12,0.0195197,5.96786e+12,0.248628
686,6860,5.2515e+12,0.00926159,5.96786e+12,0.295707
687,6870,5.2515e+12,0.0316138,5.96786e+12,0.270744
688,6880,5.2515e+12,0.0202813,5.96786e+12,0.273745
689,6890,5.2515e+12,0.00987751,5.96786e+12,0.281329
690,6900,5.2515e+12,0.016126,5.96786e+12,0.34333
691,6910,5.2515e+12,0.0168499,5.96786e+12,0.387378
692,6920,5.2515e+12,0.0318799,5.96786e+12,0.272621
693,6930,5.2515e+12,0.005249,5.96786e+12,0.245155
694,6940,5.2515e+12,0.00906549,5.96786e+12,0.244303
695,6950,5.2515e+12,0.0066064,5.96786e+12,0.294738
696,6960,5.2515e+12,0.0249554,5.96786e+12,0.33143
697,6970,5.2515e+12,0.00910952,5.96786e+12,0.30229
698,6980,5.2515e+12,0.014384,5.96786e+12,0.226692
699,6990,5.2515e+12,0.0137727,5.96786e+12,0.255512
700,7000,5.2515e+12,0.0175145,5.96786e+12,0.286056
701,7010,5.2515e+12,0.0106018,5.96786e+12,0.327475
702,7020,5.2515e+12,0.00796498,5.96786e+12,0.313792
703,7030,5.2515e+12,0.0235767,5.96786e+12,0.214444
704,7040,5.2515e+12,0.0151471,5.96786e+12,0.258947
705,7050,5.2515e+12,0.0134364,5.96786e+12,0.348243
706,7060,5.2515e+12,0.0118787,5.96786e+12,0.280423
707,7070,5.2515e+12,0.0267334,5.96786e+12,0.23759
708,7080,5.2515e+12,0.0132439,5.96786e+12,0.265826
709,7090,5.2515e+12,0.0207262,5.96786e+12,0.263024
710,7100,5.2515e+12,0.0182275,5.96786e+12,0.286623
711,7110,5.2515e+12,0.00951161,5.96786e+12,0.285088
712,7120,5.2515e+12,0.0254569,5.96786e+12,0.227983
713,7130,5.2515e+12,0.0170498,5.96786e+12,0.291123
714,7140,5.2515e+12,0.00551402,5.96786e+12,0.304501
715,7150,5.2515e+12,0.013651,5.96786e+12,0.265032
716,7160,5.2515e+12,0.026616,5.96786e+12,0.300425
717,7170,5.2515e+12,0.0149468,5.96786e+12,0.306788
718,7180,5.2515e+12,0.00753333,5.96786e+12,0.285684
719,7190,5.2515e+12,0.0320401,5.96786e+12,0.258407
720,7200,5.2515e+12,0.0235411,5.96786e+12,0.250061
721,7210,5.2515e+12,0.00948794,5.96786e+12,0.277663
722,7220,5.2515e+12,0.0139815,5.96786e+12,0.307675
723,7230,5.2515e+12,0.0218555,5.96786e+12,0.224953
724,7240,5.2515e+12,0.0146392,5.96786e+12,0.268067
725,7250,5.2515e+12,0.0262537,5.96786e+12,0.303675
726,7260,5.2515e+12,0.0170622,5.96786e+12,0.226739
727,7270,5.2515e+12,0.0209996,5.96786e+12,0.23001
728,7280,5.2515e+12,0.0163382,5.96786e+12,0.252477
729,7290,5.2515e+12,0.0282541,5.96786e+12,0.303417
730,7300,5.2515e+12,0.00556805,5.96786e+12,0.226428
731,7310,5.2515e+12,0.0112362,5.96786e+12,0.218733
732,7320,5.2515e+12,0.00847058,5.96786e+12,0.229778
733,7330,5.2515e+12,0.00900747,5.96786e+12,0.246687
734,7340,5.2515e+12,0.0151977,5.96786e+12,0.248142
735,7350,5.2515e+12,0.0164522,5.96786e+12,0.307145
736,7360,5.2515e+12,0.00502505,5.96786e+12,0.299608
737,7370,5.2515e+12,0.0158795,5.96786e+12,0.224139
738,7380,5.2515e+12,0.0259741,5.96786e+12,0.233048
739,7390,5.2515e+12,0.0308378,5.96786e+12,0.257353
740,7400,5.2515e+12,0.0172984,5.96786e+12,0.336952
741,7410,5.2515e+12,0.0263356,5.96786e+12,0.253155
742,7420,5.2515e+12,0.0237176,5.96786e+12,0.266218
743,7430,5.2515e+12,0.0151879,5.96786e+12,0.303766
744,7440,5.2515e+12,0.0138771,5.96786e+12,0.331172
745,7450,5.2515e+12,0.0140655,5.96786e+12,0.235474
746,7460,5.2515e+12,0.0115934,5.96786e+12,0.257106
747,7470,5.2515e+12,0.0345659,5.96786e+12,0.332163
748,7480,5.2515e+12,0.00863961,5.96786e+12,0.359312
749,7490,5.2515e+12,0.0117744,5.96786e+12,0.30995
750,7500,5.2515e+12,0.0126743,5.96786e+12,0.261148
751,7510,5.2515e+12,0.0199207,5.96786e+12,0.327205
752,7520,5.2515e+12,0.0223476,5.96786e+12,0.312637
753,7530,5.2515e+12,0.0246221,5.96786e+12,0.258353
754,7540,5.2515e+12,0.0109682,5.96786e+12,0.236658
755,7550,5.2515e+12,0.0156834,5.96786e+12,0.280307
756,7560,5.2515e+12,0.00701553,5.96786e+12,0.323409
757,7570,5.2515e+12,0.0219935,5.96786e+12,0.265305
758,7580,5.2515e+12,0.0183685,5.96786e+12,0.262884
759,7590,5.2515e+12,0.0164388,5.96786e+12,0.302561
760,7600,5.2515e+12,0.00966865,5.96786e+12,0.358146
761,7610,5.2515e+12,0.0154373,5.96786e+12,0.317446
762,7620,5.2515e+12,0.0201202,5.96786e+12,0.296352
763,7630,5.2515e+12,0.00736919,5.96786e+12,0.25693
764,7640,5.2515e+12,0.0171344,5.96786e+12,0.265499
765,7650,5.2515e+12,0.0213448,5.96786e+12,0.315753
766,7660,5.2515e+12,0.0261549,5.96786e+12,0.30391
767,7670,5.2515e+12,0.0144482,5.96786e+12,0.270413
768,7680,5.2515e+12,0.00509266,5.96786e+12,0.268688
769,7690,5.2515e+12,0.0125377,5.96786e+12,0.353646
770,7700,5.2515e+12,0.0233925,5.96786e+12,0.296107
771,7710,5.2515e+12,0.0103078,5.96786e+12,0.279744
772,7720,5.2515e+12,0.011683,5.96786e+12,0.264494
773,7730,5.2515e+12,0.024606,5.96786e+12,0.258904
774,7740,5.2515e+12,0.0153026,5.96786e+12,0.300396
775,7750,5.2515e+12,0.00789585,5.96786e+12,0.3346
776,7760,5.2515e+12,0.0290384,5.96786e+12,0.332289
777,7770,5.2515e+12,0.0213072,5.96786e+12,0.293832
778,7780,5.2515e+12,0.0111401,5.96786e+12,0.277162
779,7790,5.2515e+12,0.0334711,5.96786e+12,0.287796
780,7800,5.2515e+12,0.0247635,5.96786e+12,0.270772
781,7810,5.2515e+12,0.00961697,5.96786e+12,0.284849
782,7820,5.2515e+12,0.00889863,5.96786e+12,0.242748
783,7830,5.2515e+12,0.0163026,5.96786e+12,0.245403
784,7840,5.2515e+12,0.0138995,5.96786e+12,0.26275
785,7850,5.2515e+12,0.00752849,5.96786e+12,0.316349
786,7860,5.2515e+12,0.0156472,5.96786e+12,0.283057
787,7870,5.2515e+12,0.0180805,5.96786e+12,0.251231
788,7880,5.2515e+12,0.00910393,5.96786e+12,0.284269
789,7890,5.2515e+12,0.0178117,5.96786e+12,0.262415
790,7900,5.2515e+12,0.0131127,5.96786e+12,0.259597
791,7910,5.2515e+12,0.0188423,5.96786e+12,0.265153
792,7920,5.2515e+12,0.0126844,5.96786e+12,0.298947
793,7930,5.2515e+12,0.0283362,5.96786e+12,0.296318
794,7940,5.2515e+12,0.013997,5.96786e+12,0.224837
795,7950,5.2515e+12,0.0148993,5.96786e+12,0.269736
796,7960,5.2515e+12,0.00762629,5.96786e+12,0.383781
797,7970,5.2515e+12,0.0145287,5.96786e+12,0.252856
798,7980,5.2515e+12,0.00566171,5.96786e+12,0.214176
799,7990,5.2515e+12,0.0173271,5.96786e+12,0.283932
800,8000,5.2515e+12,0.0150402,5.96786e+12,0.325742
801,8010,5.2515e+12,0.0152688,5.96786e+12,0.295388
802,8020,5.2515e+12,0.0187095,5.96786e+12,0.211049
803,8030,5.2515e+12,0.0272788,5.96786e+12,0.29815
804,8040,5.2515e+12,0.0165518,5.96786e+12,0.336785
805,8050,5.2515e+12,0.0298056,5.96786e+12,0.362111
806,8060,5.2515e+12,0.0125869,5.96786e+12,0.249049
807,8070,5.2515e+12,0.0232398,5.96786e+12,0.268494
808,8080,5.2515e+12,0.0249603,5.96786e+12,0.302056
809,8090,5.2515e+12,0.00857073,5.96786e+12,0.28
810,8100,5.2515e+12,0.0299925,5.96786e+12,0.328374
811,8110,5.2515e+12,0.00997413,5.96786e+12,0.259896
812,8120,5.2515e+12,0.0202821,5.96786e+12,0.237509
813,8130,5.2515e+12,0.0129041,5.96786e+12,0.239536
814,8140,5.2515e+12,0.0113958,5.96786e+12,0.249616
815,8150,5.2515e+12,0.0235895,5.96786e+12,0.311942
816,8160,5.2515e+12,0.0200534,5.96786e+12,0.279349
817,8170,5.2515e+12,0.0215557,5.96786e+12,0.256036
818,8180,5.2515e+12,0.019483,5.96786e+12,0.28558
819,8190,5.2515e+12,0.0328647,5.96786e+12,0.362584
820,8200,5.2515e+12,0.0151828,5.96786e+12,0.335012
821,8210,5.2515e+12,0.0168247,5.96786e+12,0.237268
822,8220,5.2515e+12,0.0102799,5.96786e+12,0.223906
823,8230,5.2515e+12,0.0229313,5.96786e+12,0.290146
824,8240,5.2515e+12,0.0112521,5.96786e+12,0.34176
825,8250,5.2515e+12,0.0156372,5.96786e+12,0.266209
826,8260,5.2515e+12,0.0162,5.96786e+12,0.270228
827,8270,5.2515e+12,0.013201,5.96786e+12,0.306969
828,8280,5.2515e+12,0.0158076,5.96786e+12,0.331042
829,8290,5.2515e+12,0.0234547,5.96786e+12,0.278397
830,8300,5.2515e+12,0.00457071,5.96786e+12,0.294855
831,8310,5.2515e+12,0.0305176,5.96786e+12,0.338101
832,8320,5.2515e+12,0.00731663,5.96786e+12,0.321245
833,8330,5.2515e+12,0.0271588,5.96786e+12,0.288263
834,8340,5.2515e+12,0.00500135,5.96786e+12,0.238901
835,8350,5.2515e+12,0.013751,5.96786e+12,0.380073
836,8360,5.2515e+12,0.00866136,5.96786e+12,0.303029
837,8370,5.2515e+12,0.0163154,5.96786e+12,0.269758
838,8380,5.2515e+12,0.0154119,5.96786e+12,0.259063
839,8390,5.2515e+12,0.00854827,5.96786e+12,0.296749
840,8400,5.2515e+12,0.0226112,5.96786e+12,0.284268
841,8410,5.2515e+12,0.0216957,5.96786e+12,0.265604
842,8420,5.2515e+12,0.0133552,5.96786e+12,0.312936
843,8430,5.2515e+12,0.0220671,5.96786e+12,0.307269
844,8440,5.2515e+12,0.0109744,5.96786e+12,0.253437
845,8450,5.2515e+12,0.0198218,5.96786e+12,0.298936
846,8460,5.2515e+12,0.0168178,5.96786e+12,0.330121
847,8470,5.2515e+12,0.0160201,5.96786e+12,0.261759
848,8480,5.2515e+12,0.0332101,5.96786e+12,0.25532
849,8490,5.2515e+12,0.0202741,5.96786e+12,0.248914
850,8500,5.2515e+12,0.0090348,5.96786e+12,0.334286
851,8510,5.2515e+12,0.0332917,5.96786e+12,0.23739
852,8520,5.2515e+12,0.0236762,5.96786e+12,0.295264
853,8530,5.2515e+12,0.0409303,5.96786e+12,0.308642
854,8540,5.2515e+12,0.0117556,5.96786e+12,0.272981
855,8550,5.2515e+12,0.0320698,5.96786e+12,0.300614
856,8560,5.2515e+12,0.0138576,5.96786e+12,0.270677
857,8570,5.2515e+12,0.00622272,5.96786e+12,0.221014
858,8580,5.2515e+12,0.0299588,5.96786e+12,0.30322
859,8590,5.2515e+12,0.0140381,5.96786e+12,0.294964
860,8600,5.2515e+12,0.0486011,5.96786e+12,0.343238
861,8610,5.2515e+12,0.00817207,5.96786e+12,0.235624
862,8620,5.2515e+12,0.0223479,5.96786e+12,0.19796
863,8630,5.2515e+12,0.0270022,5.96786e+12,0.335546
864,8640,5.2515e+12,0.027605,5.96786e+12,0.370537
865,8650,5.2515e+12,0.0102344,5.96786e+12,0.265754
866,8660,5.2515e+12,0.0236706,5.96786e+12,0.244107
867,8670,5.2515e+12,0.0134727,5.96786e+12,0.228313
868,8680,5.2515e+12,0.00499786,5.96786e+12,0.30594
869,8690,5.2515e+12,0.0210027,5.96786e+12,0.310289
870,8700,5.2515e+12,0.0165624,5.96786e+12,0.301961
871,8710,5.2515e+12,0.0150309,5.96786e+12,0.265598
872,8720,5.2515e+12,0.00720159,5.96786e+12,0.289069
873,8730,5.2515e+12,0.010543,5.96786e+12,0.353397
874,8740,5.2515e+12,0.023511,5.96786e+12,0.283766
875,8750,5.2515e+12,0.0126876,5.96786e+12,0.328349
876,8760,5.2515e+12,0.0129577,5.96786e+12,0.282844
877,8770,5.2515e+12,0.0178058,5.96786e+12,0.351494
878,8780,5.2515e+12,0.00738278,5.96786e+12,0.258262
879,8790,5.2515e+12,0.0173297,5.96786e+12,0.276017
880,8800,5.2515e+12,0.0134477,5.96786e+12,0.301127
881,8810,5.2515e+12,0.00889615,5.96786e+12,0.297341
882,8820,5.2515e+12,0.0251816,5.96786e+12,0.300396
883,8830,5.2515e+12,0.0180527,5.96786e+12,0.30641
884,8840,5.2515e+12,0.0191695,5.96786e+12,0.284885
885,8850,5.2515e+12,0.0186407,5.96786e+12,0.255081
886,8860,5.2515e+12,0.0188258,5.96786e+12,0.300441
887,8870,5.2515e+12,0.00647198,5.96786e+12,0.306044
888,8880,5.2515e+12,0.0199913,5.95504e+12,0.323151
889,8890,5.2515e+12,0.0208346,5.95504e+12,0.206572
890,8900,5.2515e+12,0.0111748,5.95504e+12,0.261882
891,8910,5.2515e+12,0.0216286,5.95504e+12,0.34135
892,8920,5.2515e+12,0.0155274,5.95504e+12,0.313707
893,8930,5.2515e+12,0.0117424,5.95504e+12,0.257137
894,8940,5.2515e+12,0.0256728,5.95504e+12,0.298374
895,8950,5.2515e+12,0.0110409,5.95504e+12,0.334261
896,8960,5.2515e+12,0.0199179,5.95504e+12,0.262326
897,8970,5.2515e+12,0.0231767,5.95504e+12,0.238426
898,8980,5.2515e+12,0.00518445,5.95504e+12,0.265812
899,8990,5.2515e+12,0.00961739,5.95504e+12,0.321169
900,9000,5.2515e+12,0.0188951,5.95504e+12,0.279482
901,9010,5.2515e+12,0.00422991,5.95504e+12,0.29058
902,9020,5.2515e+12,0.0194491,5.95504e+12,0.330298
903,9030,5.2515e+12,0.0131555,5.95504e+12,0.306623
904,9040,5.2515e+12,0.0103892,5.95504e+12,0.303721
905,9050,5.2515e+12,0.0127451,5.95504e+12,0.30661
906,9060,5.2515e+12,0.0106876,5.95504e+12,0.261174
907,9070,5.2515e+12,0.00229821,5.95504e+12,0.279323
908,9080,5.2515e+12,0.0122667,5.95504e+12,0.294861
909,9090,5.2515e+12,0.00993378,5.95504e+12,0.326412
910,9100,5.2515e+12,0.0047616,5.94909e+12,0.28746
911,9110,5.2515e+12,0.00789566,5.94909e+12,0.251595
912,9120,5.2515e+12,0.0176255,5.94909e+12,0.253996
913,9130,5.2515e+12,0.00775073,5.94909e+12,0.244174
914,9140,5.2515e+12,0.00700427,5.94909e+12,0.289187
915,9150,5.2515e+12,0.00491012,5.94909e+12,0.242303
916,9160,5.2515e+12,0.0208123,5.94909e+12,0.280041
917,9170,5.2515e+12,0.00965522,5.94909e+12,0.344459
918,9180,5.2515e+12,0.00915375,5.94909e+12,0.339403
919,9190,5.2515e+12,0.00319579,5.94909e+12,0.313811
920,9200,5.2515e+12,0.0226456,5.94909e+12,0.25564
921,9210,5.2515e+12,0.00553829,5.94909e+12,0.286764
922,9220,5.2515e+12,0.0155802,5.94909e+12,0.325713
923,9230,5.2515e+12,0.00428283,5.94909e+12,0.367237
924,9240,5.2515e+12,0.0150191,5.94909e+12,0.304321
925,9250,5.2515e+12,0.00786984,5.94909e+12,0.26609
926,9260,5.2515e+12,0.0128691,5.94909e+12,0.271945
927,9270,5.2515e+12,0.0127797,5.94909e+12,0.326184
928,9280,5.2515e+12,0.00649631,5.94909e+12,0.257147
929,9290,5.2515e+12,0.0159334,5.94909e+12,0.252265
930,9300,5.2515e+12,0.0150525,5.94909e+12,0.279273
931,9310,5.2515e+12,0.00178524,5.94909e+12,0.281586
932,9320,5.2515e+12,0.00355972,5.94909e+12,0.261484
933,9330,5.2515e+12,0.0144321,5.94909e+12,0.239693
934,9340,5.2515e+12,0.00471735,5.94909e+12,0.250852
935,9350,5.2515e+12,0.00217024,5.94909e+12,0.31942
936,9360,5.2515e+12,0.0182292,5.94909e+12,0.387034
937,9370,5.2515e+12,0.010257,5.94909e+12,0.270327
938,9380,5.2515e+12,0.00814085,5.94909e+12,0.246405
939,9390,5.2515e+12,0.00887995,5.94909e+12,0.300704
940,9400,5.2515e+12,0.0141355,5.93223e+12,0.335679
941,9410,5.2515e+12,0.0105182,5.93223e+12,0.263315
942,9420,5.2515e+12,0.0158075,5.93223e+12,0.265648
943,9430,5.2515e+12,0.00877256,5.93223e+12,0.267269
944,9440,5.2515e+12,0.00461333,5.93223e+12,0.284775
945,9450,5.2515e+12,0.00917352,5.93223e+12,0.26114
946,9460,5.2515e+12,0.0030283,5.93223e+12,0.264436
947,9470,5.2515e+12,0.00455974,5.93223e+12,0.260626
948,9480,5.2515e+12,0.00666766,5.93223e+12,0.221191
949,9490,5.2515e+12,0.0109946,5.93223e+12,0.211119
950,9500,5.2515e+12,0.00641578,5.93223e+12,0.245408
951,9510,5.2515e+12,0.005893,5.93223e+12,0.320915
952,9520,5.2515e+12,0.00414383,5.93223e+12,0.248737
953,9530,5.2515e+12,0.0105447,5.93223e+12,0.212232
954,9540,5.2515e+12,0.00342651,5.93223e+12,0.233689
955,9550,5.2515e+12,0.00735694,5.93223e+12,0.264971
956,9560,5.2515e+12,0.00476795,5.93223e+12,0.240295
957,9570,5.2515e+12,0.00967084,5.93223e+12,0.227901
958,9580,5.2515e+12,0.0060359,5.93223e+12,0.223105
959,9590,5.2515e+12,0.00947443,5.93223e+12,0.292787
960,9600,5.2515e+12,0.00706783,5.93223e+12,0.321915
961,9610,5.2515e+12,0.0101709,5.93223e+12,0.252465
962,9620,5.2515e+12,0.0173365,5.93223e+12,0.273013
963,9630,5.2515e+12,0.00425975,5.93223e+12,0.232769
964,9640,5.2515e+12,0.0123816,5.93223e+12,0.283907
965,9650,5.2515e+12,0.00737323,5.93223e+12,0.273563
966,9660,5.2515e+12,0.00748142,5.93223e+12,0.227829
967,9670,5.2515e+12,0.00570782,5.93223e+12,0.245151
968,9680,5.2515e+12,0.00613468,5.93223e+12,0.337303
969,9690,5.2515e+12,0.00681133,5.93223e+12,0.234964
970,9700,5.2515e+12,0.0066229,5.93223e+12,0.211291
971,9710,5.2515e+12,0.0105321,5.93223e+12,0.306748
972,9720,5.2515e+12,0.00944215,5.93223e+12,0.22616
973,9730,5.2515e+12,0.00536347,5.93223e+12,0.226313
974,9740,5.2515e+12,0.00382377,5.93223e+12,0.258745
975,9750,5.2515e+12,0.00929406,5.93223e+12,0.268778
976,9760,5.2515e+12,0.00880898,5.93223e+12,0.24894
977,9770,5.2515e+12,0.00658786,5.93223e+12,0.287729
978,9780,5.2515e+12,0.022987,5.93223e+12,0.280308
979,9790,5.2515e+12,0.0089127,5.93223e+12,0.269745
980,9800,5.2515e+12,0.0174836,5.93223e+12,0.30269
981,9810,5.2515e+12,0.0106899,5.93223e+12,0.265374
982,9820,5.2515e+12,0.0138613,5.93223e+12,0.253795
983,9830,5.2515e+12,0.0143346,5.93223e+12,0.296734
984,9840,5.2515e+12,0.00196022,5.93223e+12,0.255436
985,9850,5.2515e+12,0.0182417,5.93223e+12,0.301169
986,9860,5.2515e+12,0.0087383,5.93223e+12,0.311563
987,9870,5.2515e+12,0.0243758,5.93223e+12,0.349166
988,9880,5.2515e+12,0.0062645,5.93223e+12,0.290468
989,9890,5.2515e+12,0.0252636,5.93223e+12,0.269877
990,9900,5.2515e+12,0.00714213,5.93223e+12,0.235095
991,9910,5.2515e+12,0.0187022,5.93223e+12,0.324491
992,9920,5.2515e+12,0.0094312,5.93223e+12,0.338074
993,9930,5.2515e+12,0.0129388,5.93223e+12,0.301811
994,9940,5.2515e+12,0.00457746,5.93223e+12,0.255599
995,9950,5.2515e+12,0.0105058,5.93223e+12,0.243958
996,9960,5.2515e+12,0.00695736,5.93223e+12,0.295597
997,9970,5.2515e+12,0.0132538,5.93223e+12,0.310905
998,9980,5.2515e+12,0.0105396,5.93223e+12,0.261552
999,9990,5.2515e+12,0.0174043,5.93223e+12,0.244373
1000,10000,5.2515e+12,0.0112524,5.93223e+12,0.291424
