1 1039 329 1152 153 749 528 957 163 284 568 394 121 140 549 613 183 623 417 26 96 88 573 706 44 24 557 702 84 1148 570 1160 403 468 100 875 140 970 415 814 526 964 501 246 345 304 397 587 564 464 496
51 1039 329 1152 153 704 462 957 163 284 568 393 175 140 549 611 187 623 417 26 96 88 573 706 44 24 557 702 84 1148 570 1160 403 468 100 875 140 970 415 814 526 890 516 246 345 304 397 587 564 464 496
101 1039 329 1152 153 649 359 957 163 284 568 386 187 140 549 595 214 623 417 26 96 88 573 706 44 24 557 702 84 1148 570 1160 403 468 100 875 140 970 415 814 526 861 508 246 345 304 397 691 579 464 496
151 1039 329 1152 153 642 319 957 163 272 554 462 148 140 549 641 161 623 417 26 96 88 573 719 42 24 557 716 85 1148 570 1160 403 468 100 875 140 988 416 814 526 861 508 246 345 261 422 720 579 464 496
201 1039 329 1152 153 642 319 957 163 271 554 502 131 140 549 703 148 623 417 26 96 88 573 805 106 24 557 717 85 1148 570 1160 403 481 62 875 140 988 416 814 526 861 508 257 298 241 433 720 579 464 496
251 1039 329 1152 153 642 319 957 163 271 554 502 131 140 549 704 148 623 417 26 96 66 555 863 176 24 557 717 85 1148 570 1160 403 589 49 907 148 988 416 814 526 861 508 326 212 241 433 720 579 468 430
301 1039 329 1156 186 660 293 977 187 271 554 502 131 140 549 704 148 623 417 26 96 92 560 864 178 29 512 717 85 1148 570 1160 403 660 46 913 161 988 416 768 537 830 495 333 205 241 433 720 579 475 411
351 1039 329 1096 235 724 233 978 257 271 554 502 131 171 562 704 148 690 361 26 96 109 574 864 178 29 510 717 85 1148 570 1160 403 661 45 912 162 988 416 759 538 830 495 333 204 241 433 677 565 479 401
401 1039 329 1093 236 726 231 977 260 271 554 502 131 172 562 704 148 697 353 34 80 109 574 838 157 29 510 717 85 1148 570 1160 403 661 45 912 162 988 416 776 544 830 495 333 204 232 410 651 548 535 304
451 1039 329 1093 236 726 231 977 260 271 554 503 124 172 562 704 148 697 353 126 19 109 574 832 146 29 510 717 85 1148 570 1125 435 703 42 912 162 988 416 786 548 865 497 333 204 262 372 651 548 554 273
501 1039 329 1093 236 726 231 977 260 271 554 559 78 172 562 704 148 697 353 244 36 109 574 856 193 29 510 718 96 1123 576 1124 436 787 71 927 167 988 416 786 548 847 491 333 204 268 369 616 473 554 272
551 1039 329 1093 236 725 251 977 260 280 570 619 68 164 556 704 148 697 353 331 57 109 574 856 193 29 510 718 96 1028 523 1124 436 790 72 916 225 988 416 771 540 829 481 333 204 268 369 614 354 554 272
601 1039 329 1093 236 710 306 986 288 257 548 619 68 158 552 704 148 697 353 334 57 59 536 856 193 28 508 718 96 944 460 1124 436 790 72 910 235 988 416 740 437 829 481 371 163 268 369 616 302 554 272
651 1039 329 1093 236 713 299 964 304 257 547 619 68 158 552 704 148 684 327 334 57 60 511 856 193 24 444 718 96 940 457 1124 436 790 72 889 220 1005 385 626 441 829 481 372 155 268 369 616 302 554 272
701 1039 329 1093 236 718 292 996 226 257 547 619 68 158 552 704 148 676 306 336 55 64 471 828 148 66 338 718 96 939 457 1124 436 790 72 866 185 1005 385 623 442 829 481 372 154 268 369 616 302 554 272
751 1039 329 1093 236 718 292 999 222 257 547 619 68 158 552 704 148 676 305 426 37 79 451 831 117 135 240 718 96 939 457 1124 436 790 72 880 217 1005 385 624 396 829 481 372 154 285 318 616 302 571 233
801 1039 329 1093 236 726 289 999 222 295 553 619 68 159 568 704 148 686 303 545 36 79 451 831 117 170 196 718 96 873 473 1111 454 790 72 881 221 1005 385 641 291 829 481 372 154 350 219 602 278 646 182
851 1039 329 1091 263 729 288 999 222 408 575 632 88 159 569 704 148 688 303 636 25 79 451 831 117 171 195 718 96 821 438 1006 471 790 72 881 221 1005 385 642 283 777 498 372 138 406 173 599 275 649 181
901 1039 329 1068 295 729 288 989 216 444 576 638 97 159 569 704 148 688 303 710 46 79 451 831 117 171 195 718 96 821 438 925 480 790 72 881 221 1005 385 642 283 715 429 372 137 407 172 599 275 649 181
951 1039 329 1068 295 729 288 948 178 445 576 638 98 159 569 704 148 688 303 799 116 92 394 839 119 219 134 717 104 821 438 923 480 823 75 864 225 1005 385 642 283 755 334 372 137 407 172 599 275 649 181
1001 1039 329 1068 295 729 288 948 178 445 576 638 98 154 564 704 148 688 303 806 132 154 292 847 122 313 62 717 104 821 438 923 480 885 92 825 237 1005 385 642 283 848 276 372 137 407 172 599 275 649 181
1051 1008 347 1040 381 729 288 956 219 445 576 638 98 178 522 704 148 688 303 798 132 210 208 872 215 329 50 717 104 821 438 923 480 890 97 819 219 1001 395 642 283 848 285 381 117 407 172 599 275 649 181
1101 1007 347 963 459 729 288 909 319 423 540 638 98 291 492 704 148 688 303 798 132 212 205 899 254 377 33 717 104 821 438 923 480 890 97 818 221 980 402 642 283 830 298 382 116 407 172 599 275 649 181
1151 1007 347 906 458 729 288 904 328 517 487 638 98 389 521 704 148 688 303 798 132 212 205 903 243 410 116 717 104 821 438 893 498 890 97 818 221 1013 420 642 283 830 298 372 130 407 172 599 275 649 181
1201 1007 347 875 456 729 288 904 328 615 499 638 98 379 576 704 148 688 303 773 115 213 200 903 242 399 144 717 104 821 438 883 511 890 97 818 221 1014 421 642 283 830 298 353 134 393 192 599 275 649 181
1251 988 360 878 445 729 288 904 328 624 511 638 98 378 578 704 148 688 303 771 114 279 176 903 242 399 144 717 104 796 402 819 435 930 144 818 221 1014 421 642 283 830 298 353 134 390 193 645 213 652 174
1301 986 361 878 444 729 288 904 328 616 426 638 98 365 572 704 148 688 303 771 114 301 107 903 242 399 144 717 104 759 336 729 368 945 260 818 221 983 419 642 283 830 298 388 104 390 193 668 205 662 159
1351 992 359 878 444 743 276 865 343 614 306 731 70 358 542 704 148 675 255 774 114 300 106 903 242 399 144 731 116 758 335 700 287 925 341 818 221 885 381 638 275 830 298 505 113 390 193 668 205 662 159
1401 993 363 878 444 745 273 860 344 597 246 838 94 438 530 704 148 702 237 776 114 300 106 913 222 399 144 731 117 778 354 701 282 925 344 818 221 875 383 646 238 858 290 621 119 390 193 669 203 662 159
1451 918 405 878 444 745 273 860 344 597 245 913 159 441 530 704 148 705 237 776 114 328 63 934 286 399 144 731 117 778 354 701 282 921 333 818 221 875 383 645 237 869 287 633 119 390 193 669 202 662 159
1501 915 406 878 444 745 273 860 344 597 245 916 163 441 530 704 148 705 237 776 114 342 57 975 352 399 144 731 117 778 354 701 282 903 338 789 272 875 383 645 237 869 287 634 119 390 193 669 202 662 159
1551 889 420 865 454 740 272 860 344 597 245 916 163 441 530 704 148 705 237 776 114 342 57 989 352 400 133 731 117 781 369 701 282 902 338 723 348 875 383 645 237 869 287 634 119 397 183 669 202 662 159
1601 863 413 803 468 740 272 856 334 597 245 916 163 436 471 704 148 705 237 776 114 342 57 942 376 401 124 731 117 781 369 701 282 902 338 715 355 873 372 645 237 869 287 634 119 399 183 669 202 662 159
1651 863 413 717 394 740 272 856 334 630 201 917 244 458 383 704 148 705 237 776 114 375 48 914 388 401 124 731 117 781 369 701 282 902 338 715 352 873 371 649 240 869 287 634 119 399 183 669 202 662 159
1701 861 426 659 323 740 272 856 333 660 184 904 326 459 380 711 152 711 243 776 114 459 122 918 408 401 124 736 111 781 369 700 286 906 367 720 335 858 374 651 241 844 287 632 117 399 183 698 196 666 143
1751 860 427 657 319 740 272 856 333 655 195 903 328 459 380 722 153 712 243 776 114 470 201 919 411 401 124 736 111 781 369 700 286 906 369 814 334 857 374 651 241 836 288 638 139 399 183 699 196 680 157
1801 860 427 655 300 740 272 860 333 652 200 903 328 419 429 740 171 712 243 798 116 468 205 919 411 401 124 753 72 781 369 700 286 906 369 816 336 857 374 651 241 825 208 638 140 399 183 699 196 680 160
1851 860 427 647 280 769 263 860 333 652 194 900 349 413 422 740 171 720 229 820 127 468 205 927 433 400 115 755 128 781 369 730 275 900 397 816 336 857 374 651 240 825 207 637 140 422 155 699 194 677 152
1901 844 420 647 280 770 263 860 333 652 193 900 350 506 367 740 171 720 229 898 181 468 205 879 443 455 75 753 132 781 369 731 274 900 397 816 336 857 374 651 240 825 207 637 139 427 152 699 194 677 151
1951 817 403 647 280 770 263 860 333 652 193 900 350 517 362 740 171 720 229 917 219 468 205 768 439 573 72 753 132 781 369 731 274 900 397 816 336 857 374 651 240 801 202 637 139 427 152 699 194 677 151
2001 817 402 647 280 735 307 860 333 652 193 900 350 517 361 740 171 720 229 917 219 468 205 688 361 659 61 753 132 781 369 699 283 900 397 816 336 857 374 651 240 792 200 637 139 427 152 699 194 677 151
2051 817 402 647 280 739 287 860 333 653 196 900 350 552 294 740 171 720 229 894 285 468 205 670 314 661 61 753 132 781 369 696 282 900 397 816 336 857 374 651 240 792 200 633 158 427 152 699 194 689 154
2101 828 413 645 279 740 284 878 341 653 196 918 356 601 248 740 171 720 229 898 294 468 205 675 308 661 61 753 132 790 375 700 276 900 397 842 317 857 377 651 238 792 200 633 158 427 152 699 194 689 154
2151 825 420 647 275 742 284 859 340 655 191 899 357 619 221 740 171 720 229 920 311 468 205 679 304 661 61 753 132 790 375 703 270 899 400 867 293 853 383 656 236 792 200 631 155 435 138 699 194 689 154
2201 825 420 646 277 742 284 857 339 676 157 889 366 663 196 745 171 726 237 901 327 468 205 679 304 661 61 754 128 790 375 702 271 900 408 867 292 852 383 669 241 792 200 639 128 526 125 708 192 712 131
2251 820 427 646 277 742 284 828 344 678 158 880 383 663 196 745 171 726 237 870 331 468 205 679 304 675 51 759 128 790 375 702 271 903 421 854 273 838 386 669 241 792 200 679 112 644 132 708 192 715 133
2301 776 437 646 277 742 284 825 331 687 165 879 383 662 199 754 182 726 237 870 331 468 205 679 304 741 97 769 129 790 375 702 271 810 416 854 273 830 377 669 241 792 200 693 112 657 131 713 199 726 149
2351 753 449 646 277 742 284 825 329 687 165 879 383 662 199 754 182 726 237 870 331 468 205 679 304 849 128 793 160 785 363 702 271 772 403 854 273 830 376 669 241 792 202 693 113 656 131 713 199 727 150
2401 786 435 646 277 742 284 831 325 687 165 879 383 662 199 754 182 726 237 871 331 503 157 679 304 919 212 794 160 785 336 702 271 796 375 854 273 838 374 669 241 792 203 693 113 656 131 713 199 727 150
2451 788 434 646 277 734 277 843 307 688 164 899 390 661 195 754 182 726 236 876 332 610 106 677 308 926 225 794 160 774 260 692 270 827 347 857 263 858 372 661 238 792 203 693 113 656 131 712 196 727 150
2501 788 434 646 277 736 291 828 336 706 175 900 391 660 199 759 180 731 251 895 350 666 83 677 309 924 272 797 159 774 248 690 270 808 378 870 316 858 383 660 238 792 203 694 114 663 155 725 211 737 145
2551 788 434 645 279 736 293 814 339 708 177 901 398 660 199 759 180 732 253 893 353 666 83 677 309 907 312 798 158 774 248 690 270 807 382 857 324 857 384 660 240 792 203 695 114 663 155 727 213 739 145
2601 788 434 645 279 726 293 813 339 708 176 901 398 660 199 759 180 732 253 874 366 666 83 674 306 895 312 798 158 774 248 691 268 806 382 853 325 845 395 660 240 792 203 695 114 663 155 727 212 739 145
2651 788 434 630 237 726 293 813 339 708 176 878 393 659 191 759 180 738 251 853 360 666 83 672 289 895 311 798 158 779 248 699 258 801 381 851 319 839 405 670 230 792 203 695 114 664 151 727 212 739 145
2701 777 445 688 193 733 301 807 334 734 176 878 380 700 151 779 182 742 256 844 351 664 75 668 293 895 311 817 147 782 248 702 271 772 358 850 306 782 400 702 230 811 218 721 96 684 113 744 215 746 136
2751 763 384 690 192 733 302 808 330 735 176 878 380 701 149 780 183 742 256 844 351 680 54 667 293 895 311 818 146 782 248 702 272 767 344 850 306 802 372 703 230 812 219 723 95 685 112 745 215 746 136
2801 695 323 688 188 728 289 813 325 732 174 878 380 699 148 780 183 740 250 844 351 765 67 662 297 895 311 818 146 786 249 691 264 776 305 850 306 809 371 706 226 815 216 724 103 683 109 749 211 755 136
2851 723 327 687 188 736 288 813 325 731 172 878 380 699 147 783 181 741 248 844 351 870 108 654 284 895 311 818 146 787 250 691 264 776 305 850 306 809 371 706 226 816 216 724 104 682 109 751 207 756 136
2901 749 346 687 186 750 276 815 333 730 167 890 389 695 146 789 175 742 237 850 356 932 184 653 282 898 312 818 146 785 246 691 264 821 272 857 299 808 373 702 225 816 216 724 104 681 107 756 198 756 136
2951 750 346 686 185 751 276 814 334 730 167 890 390 695 146 784 167 740 236 854 359 934 188 653 282 918 319 818 146 780 246 691 264 820 289 875 302 808 375 698 224 807 206 724 104 681 107 756 198 756 136
3001 750 346 686 185 751 276 794 361 730 167 890 396 695 145 783 166 740 236 837 367 946 225 653 282 876 348 818 146 780 246 690 264 840 321 875 302 804 406 696 224 806 206 724 104 681 107 756 198 756 136
3051 747 347 686 184 751 276 788 362 730 167 836 427 695 145 783 166 740 236 827 372 929 333 649 266 870 347 818 146 780 246 694 264 837 319 875 302 801 404 697 223 806 206 724 104 681 107 756 198 756 136
3101 744 346 691 147 752 285 788 347 736 170 737 418 708 110 784 163 753 242 827 372 924 346 694 189 870 347 824 143 794 249 697 264 837 319 875 302 770 392 728 210 808 206 740 83 674 90 768 200 758 130
3151 744 346 691 139 752 287 788 347 738 170 677 322 716 107 785 161 755 243 827 372 913 338 698 182 870 347 827 141 796 250 697 264 837 319 875 302 770 392 730 211 813 207 746 77 680 79 771 201 758 128
3201 748 358 690 139 752 287 788 347 738 170 668 292 721 113 785 161 755 243 827 372 913 338 698 182 870 347 827 141 796 250 700 261 837 319 875 302 771 392 730 211 813 207 790 91 785 50 771 201 759 128
3251 748 359 690 139 752 287 790 359 738 170 668 291 721 113 785 161 755 243 832 374 918 339 698 182 882 366 827 141 796 250 700 261 866 329 900 289 772 396 730 211 813 207 793 93 884 99 771 201 759 128
3301 748 359 690 139 752 287 790 359 738 170 668 291 721 113 785 161 755 243 832 374 917 347 698 182 882 368 827 141 796 250 700 261 867 329 863 267 772 396 730 211 813 207 793 93 937 168 771 201 759 128
3351 748 359 690 139 752 287 790 359 738 170 668 291 721 113 785 161 755 243 832 374 918 352 698 182 881 368 827 141 796 250 700 261 867 329 878 292 772 396 730 211 813 207 793 93 938 170 771 201 759 128
3401 733 360 690 139 752 287 785 350 738 170 668 291 721 113 785 161 755 243 805 388 845 383 698 182 852 423 827 141 796 250 700 261 822 331 933 297 765 399 730 211 813 207 793 93 938 170 771 201 759 128
3451 730 360 690 139 722 299 773 343 738 170 668 291 721 113 785 161 755 243 792 379 839 384 698 182 805 420 827 141 797 245 700 261 820 332 934 296 754 402 730 211 813 207 793 93 936 237 771 201 759 128
3501 698 375 690 139 718 300 778 330 738 170 667 289 721 113 785 161 755 243 795 385 839 383 698 182 725 403 827 141 797 244 700 261 820 332 938 339 685 421 730 211 813 207 793 93 893 321 771 201 759 128
3551 698 364 685 129 718 300 778 330 742 166 700 206 723 110 787 158 758 247 795 385 839 383 702 165 726 402 827 141 799 244 717 255 820 332 938 340 651 375 739 210 820 208 793 93 891 324 779 198 759 128
3601 780 286 683 113 712 280 792 333 745 163 712 188 724 105 790 156 760 249 795 385 839 383 707 145 726 402 830 140 802 244 717 239 833 332 938 340 650 385 750 209 832 211 793 93 891 324 791 197 761 124
3651 790 280 755 119 712 279 798 346 745 163 710 187 779 62 811 172 761 248 794 391 839 383 707 145 726 402 834 138 808 241 717 238 846 331 938 340 651 403 747 204 834 208 813 86 891 324 788 207 793 134
3701 790 280 756 120 712 279 798 346 745 163 710 187 856 70 811 175 761 248 794 391 839 383 707 145 726 402 840 145 809 242 717 238 846 331 934 346 664 316 747 204 834 208 829 106 891 324 788 208 794 135
3751 790 280 756 120 720 278 798 346 745 163 710 187 933 139 811 175 761 248 775 393 822 403 707 145 726 402 841 147 809 242 717 232 839 320 835 364 672 265 747 204 835 209 830 107 885 318 787 208 794 135
3801 782 294 756 120 721 278 771 335 745 163 709 187 938 147 810 176 756 248 771 394 808 420 707 145 726 402 834 142 800 256 716 232 837 317 807 370 672 264 746 203 838 235 828 100 884 318 786 211 794 135
3851 779 292 756 120 721 278 765 332 745 163 708 186 954 168 810 176 752 248 740 366 809 395 707 145 711 407 834 142 803 255 713 231 834 327 802 353 672 264 746 203 875 320 828 99 907 344 786 212 794 135
3901 772 290 756 120 721 278 762 330 745 163 708 186 963 279 810 176 752 248 735 363 811 401 707 145 684 373 834 142 805 252 713 231 808 331 786 364 672 264 746 203 868 354 828 99 915 351 786 212 794 135
3951 739 281 756 120 686 262 750 377 745 162 708 186 944 352 810 176 752 243 710 386 822 418 707 145 651 300 834 142 805 252 713 226 807 331 804 380 653 223 746 202 858 354 828 99 904 365 786 212 794 135
