1 406 482 883 97 725 75 152 32 801 443 1089 348 61 476 117 290 1111 503 984 105 72 177 872 514 691 190 717 341 188 465 322 553 1082 22 548 199 226 98 794 354 462 217 1134 364 1125 294 1157 441 967 183
51 406 482 883 97 725 75 152 32 801 443 1089 348 61 476 117 290 1111 503 984 105 93 164 872 514 691 190 770 299 254 441 322 553 1082 22 548 199 226 98 794 354 462 217 1134 364 1125 294 1157 441 967 183
101 406 482 883 97 725 75 152 32 801 443 1089 348 61 476 147 271 1111 503 984 105 176 102 872 514 691 190 851 267 333 386 322 553 1082 22 548 199 226 98 794 354 505 179 1134 364 1125 294 1157 441 967 183
151 406 482 883 97 725 75 195 25 801 443 1089 348 61 476 253 264 1111 503 984 105 166 92 872 514 691 190 854 267 336 384 322 555 1082 22 616 168 243 74 794 354 517 172 1134 364 1125 294 1157 441 967 183
201 406 482 961 117 738 62 210 27 801 443 1089 348 61 476 361 312 1111 503 1007 108 145 106 872 514 691 190 854 267 336 384 327 564 1082 22 664 144 351 80 794 354 552 218 1134 364 1125 294 1157 441 967 183
251 406 482 969 126 796 138 210 27 801 443 1089 348 61 476 396 338 1111 503 1020 115 156 102 872 514 691 190 854 267 388 397 327 564 1082 22 664 144 430 89 794 354 553 219 1134 364 1125 294 1157 441 967 183
301 406 482 969 126 797 240 210 27 878 405 1089 348 75 445 459 266 1111 503 1020 116 226 85 872 514 691 190 854 267 390 399 327 564 1166 60 664 144 432 89 794 354 622 198 1134 364 1125 294 1157 441 967 183
351 406 482 969 126 781 254 210 27 899 389 1089 348 182 414 465 260 1111 503 1020 116 227 85 872 514 741 194 854 267 390 399 327 564 1139 145 665 132 468 63 794 354 710 167 1134 364 1125 294 1157 441 967 183
401 406 482 969 126 781 254 220 21 899 389 1089 348 256 393 465 260 1111 503 1020 116 227 85 859 519 743 195 854 267 390 399 327 564 1119 156 665 131 583 70 794 354 712 165 1134 364 1125 294 1157 441 967 183
451 406 482 969 126 781 254 269 83 899 389 1089 348 258 393 465 260 1111 503 1020 116 224 88 874 501 743 195 854 267 390 399 327 564 1119 156 674 126 685 67 794 354 712 165 1134 388 1182 370 1157 441 967 183
501 406 482 969 126 781 254 259 136 899 389 1089 348 258 393 476 243 1106 507 1020 116 223 89 874 501 743 195 854 267 390 399 326 538 1119 156 684 131 707 54 825 328 712 165 1118 391 1128 444 1144 486 967 183
551 426 473 969 126 781 254 258 137 899 389 1089 348 313 311 570 204 1103 509 1020 116 223 89 874 501 743 195 854 267 390 399 392 528 1119 156 684 131 775 57 911 314 712 165 1117 391 1112 450 1155 580 967 183
601 443 466 969 126 781 254 258 137 890 465 1089 348 411 244 686 175 1103 509 1020 116 290 57 873 502 744 197 854 267 400 385 394 528 1119 156 684 131 891 51 914 314 725 159 1117 391 1112 450 1141 565 967 183
651 443 466 969 126 781 254 258 137 889 464 1089 348 452 219 757 171 1089 488 1020 116 409 54 872 505 760 215 854 267 498 417 394 528 1119 156 684 131 1007 77 914 314 767 127 1117 391 1112 450 1133 493 967 183
701 443 466 969 126 781 254 258 137 900 425 1089 348 453 218 758 171 1071 463 1024 128 455 47 922 485 761 216 854 267 544 496 394 528 1119 156 659 149 1121 102 914 314 768 126 1117 391 1114 448 1134 487 967 183
751 443 466 969 126 781 254 258 137 968 382 1089 348 453 218 758 171 1071 463 1024 128 455 47 891 489 761 216 854 267 541 507 394 528 1111 186 658 149 1166 129 914 314 768 126 1117 391 1114 448 1134 487 967 183
801 443 466 969 126 797 288 266 128 976 380 1089 348 453 218 758 171 1071 463 1024 128 455 47 890 489 807 227 854 267 541 507 394 528 1110 188 658 149 1167 129 932 303 768 126 1117 391 1114 448 1134 487 967 183
851 457 454 969 126 820 344 362 86 976 380 1089 348 453 218 758 171 1071 463 1024 128 455 47 890 489 810 228 854 267 541 507 421 477 1110 188 658 149 1167 129 1008 320 768 126 1117 391 1114 448 1134 487 967 183
901 492 435 969 126 820 345 474 77 976 380 1089 348 476 182 758 171 1071 463 1024 128 476 30 890 489 810 228 854 267 541 507 480 377 1110 188 658 149 1167 129 1011 322 768 126 1117 391 1114 448 1134 487 967 183
951 493 435 969 126 910 321 502 72 976 380 1089 348 476 181 758 171 1071 463 1024 128 478 28 890 489 810 228 854 267 541 507 536 329 1179 177 658 149 1171 120 1011 322 768 126 1117 391 1114 448 1134 487 967 183
1001 493 435 969 126 958 322 503 71 976 380 1089 348 476 181 811 188 1071 463 1024 128 555 21 890 489 810 230 854 267 531 518 537 328 1160 253 658 149 1176 97 1011 322 790 101 1117 391 1114 448 1134 487 967 183
1051 493 435 969 126 958 322 503 71 976 380 1068 359 476 181 814 188 1071 463 1024 128 671 40 872 499 810 233 854 267 525 523 537 328 1107 354 658 149 1176 97 1011 322 903 112 1118 395 1114 448 1134 487 967 183
1101 498 424 1015 154 958 322 503 71 976 380 1045 364 476 181 838 197 1055 465 1059 129 790 51 887 485 819 291 866 273 540 504 537 328 1086 369 658 149 1176 97 1011 322 1020 109 1149 474 1104 494 1148 516 967 183
1151 593 409 1016 156 958 322 503 71 976 380 1045 364 476 181 839 197 1054 465 1088 146 834 53 981 426 758 364 868 274 540 504 537 328 1086 369 658 149 1176 97 1011 322 1133 117 1176 541 1103 497 1131 555 967 183
1201 618 409 1016 156 958 322 503 71 976 380 1045 364 476 181 839 197 1054 465 1088 147 835 53 991 420 735 372 868 274 540 504 537 328 1086 369 658 149 1158 108 1011 322 1153 153 1135 567 1103 497 1107 540 967 183
1251 618 409 1016 156 958 322 518 80 976 380 1045 364 476 181 839 197 1054 465 1083 150 835 53 991 420 735 372 868 274 549 493 537 328 1086 369 658 149 1121 126 1011 322 1157 195 1051 551 1103 486 1079 521 967 183
1301 618 409 1016 156 958 322 524 83 976 380 1045 364 436 197 839 197 1054 465 1082 151 835 53 991 420 735 372 868 274 655 478 537 328 1086 369 658 149 1121 125 1011 322 1177 280 1047 509 1106 482 1089 519 967 183
1351 618 409 1016 156 958 322 574 64 976 380 1045 364 425 203 839 197 1054 465 1082 151 835 53 991 420 735 372 868 274 688 469 602 303 1086 369 658 149 1121 125 1003 333 1176 284 1048 507 1106 482 1090 519 967 183
1401 618 409 1016 156 908 271 693 58 972 385 1045 364 474 207 839 197 1054 465 1082 151 835 53 992 422 735 372 864 273 688 469 721 311 1086 369 658 149 1121 125 993 344 1176 284 1048 507 1106 482 1090 519 967 183
1451 618 409 1016 156 936 265 812 52 969 389 1046 372 543 226 844 180 1054 465 1082 151 855 53 992 422 735 372 871 278 688 469 824 232 1086 369 658 149 1121 125 993 351 1176 284 1048 507 1106 482 1090 519 967 183
1501 618 409 1016 156 947 264 877 44 969 390 1047 386 544 226 863 145 1054 465 1082 151 917 55 992 423 735 372 872 280 688 469 838 178 1094 385 658 149 1121 125 993 352 1176 284 1048 507 1106 482 1090 519 967 183
1551 618 409 1016 156 947 264 878 44 969 390 1047 386 544 226 877 127 1054 465 1082 151 918 55 992 423 738 363 872 280 741 404 855 164 1094 385 658 149 1121 125 993 352 1154 346 1048 507 1106 482 1090 519 967 183
1601 618 409 1016 156 947 264 965 29 969 390 1030 385 544 226 877 126 1054 465 1082 151 945 68 992 423 740 355 872 280 853 371 855 164 1083 402 658 149 1121 125 993 352 1109 368 1048 507 1106 482 1090 519 967 183
1651 618 409 1016 156 947 264 1077 65 969 390 1029 385 544 226 877 126 1054 465 1082 151 945 69 992 423 740 355 872 280 966 337 855 164 1083 403 730 139 1121 125 1004 354 1108 368 1048 507 1154 560 1075 548 967 183
1701 618 409 1016 156 947 264 1177 116 992 404 1034 391 544 226 891 126 1054 465 1082 151 945 69 1007 446 740 355 872 280 978 325 858 168 1083 403 847 123 1122 138 1012 350 1108 368 1048 507 1144 579 1075 549 967 183
1751 618 409 1016 156 947 264 1126 181 992 404 1034 392 544 226 923 128 1057 453 1074 153 945 69 1008 446 740 355 880 274 979 325 844 197 1083 403 890 97 1116 131 1012 350 1108 368 1036 496 1071 542 1030 541 967 183
1801 618 409 1016 156 974 263 1093 187 992 404 1034 392 587 200 923 128 1064 441 1072 151 945 69 1006 445 740 355 933 278 979 325 839 204 1083 403 891 97 1116 131 1012 350 1108 368 1036 473 1071 539 1041 513 967 183
1851 618 409 1016 156 974 262 1093 187 992 404 1034 392 698 194 923 128 1066 439 1072 151 945 69 1004 442 740 355 934 279 971 339 813 214 1084 401 891 97 1116 131 1018 354 1108 368 1038 467 1075 541 1047 509 967 183
1901 618 409 1016 156 974 262 1093 187 992 404 1037 399 708 193 923 128 1066 439 1072 151 945 69 1004 442 740 355 934 279 1007 324 813 214 1084 401 891 97 1116 131 1031 356 1108 368 1038 467 1075 541 1047 509 967 183
1951 618 409 1016 156 974 262 1093 187 992 404 1038 403 741 172 923 128 1066 439 1072 151 945 69 1004 442 778 417 934 279 1120 323 788 199 1084 401 891 97 1116 131 1038 360 1108 368 1038 467 1075 541 1047 509 967 183
2001 618 409 1016 156 974 262 1093 187 992 404 1038 403 853 144 927 141 1066 439 1072 151 957 62 1004 442 779 419 934 279 1168 395 795 208 1084 401 934 102 1116 131 1038 360 1108 368 1038 467 1075 541 1047 509 967 183
2051 648 368 1016 156 974 262 1093 187 992 404 1037 402 919 138 963 142 1061 435 1072 151 1050 63 1004 442 802 406 934 279 1095 459 795 208 1084 401 944 103 1116 131 1038 360 1108 368 1036 469 1075 541 1047 509 970 189
2101 749 306 1016 156 974 262 1093 187 992 404 1032 399 919 139 963 142 1054 433 1072 151 1157 109 1004 442 911 363 934 279 1081 466 795 208 1084 401 944 103 1122 147 1038 355 1108 368 1034 471 1052 572 1047 509 970 190
2151 860 262 1016 156 974 262 1093 187 992 404 1032 399 919 139 963 142 1054 433 1072 151 1149 179 1004 442 985 337 934 279 1081 466 852 206 1084 401 944 103 1123 148 1038 355 1108 368 1034 471 1022 555 1047 509 970 190
2201 887 285 1016 156 974 262 1059 194 992 403 1032 399 919 139 963 142 1054 433 1068 143 1100 194 1003 442 986 336 934 279 1081 466 918 208 1084 401 944 103 1123 148 1038 355 1108 368 1034 468 1037 547 1051 507 970 190
2251 898 295 1016 156 977 260 1058 194 992 403 1032 399 919 139 963 142 1054 433 1068 142 1099 194 1003 442 986 336 938 278 1081 466 919 208 1084 401 944 103 1123 148 1038 355 1108 368 1034 468 1038 547 1051 507 970 190
2301 883 252 1016 156 979 260 1058 194 991 403 1031 401 919 139 963 142 1055 434 1068 142 1099 194 1003 442 1053 323 938 279 1081 466 919 208 1084 401 944 103 1123 148 1050 365 1108 368 1034 468 1038 547 1051 507 970 190
2351 909 268 1016 156 991 250 1058 194 991 403 1031 402 919 139 963 142 1055 434 1068 142 1099 194 1003 442 1166 346 970 311 1081 466 919 208 1084 401 944 103 1123 148 1053 366 1108 369 1034 468 1038 547 1051 507 970 190
2401 909 269 1016 156 991 250 1058 194 991 403 1031 402 919 139 963 142 1055 434 1068 142 1099 194 1003 442 1141 429 971 312 1081 466 919 208 1084 401 944 103 1123 148 1053 366 1108 369 1034 468 1038 547 1051 507 970 190
2451 909 269 1025 159 991 250 1058 194 989 397 1030 401 941 136 986 144 1054 434 1068 142 1099 194 997 441 1095 440 971 312 1068 472 919 208 1083 401 983 88 1123 148 1053 366 1108 369 1022 474 1036 553 1045 512 970 190
2501 909 269 1021 178 991 250 1059 204 988 397 1029 399 941 136 984 147 1055 433 1104 156 1107 204 994 438 1095 439 971 312 1069 472 919 208 1083 401 1064 165 1144 146 1053 366 1108 369 1018 477 1018 549 1044 512 970 190
2551 909 269 1020 179 991 250 1054 232 988 397 1028 398 941 136 984 147 1054 430 1147 163 1130 226 994 438 1102 436 971 312 1073 465 919 208 1081 399 1090 201 1178 130 1053 366 1109 368 1018 477 1033 523 1071 507 970 190
2601 909 269 1020 179 991 250 1054 232 987 397 1028 397 941 136 984 147 1054 428 1128 185 1130 226 994 438 1103 436 971 312 1074 465 919 208 1081 398 1090 201 1169 181 1053 366 1109 368 1032 463 1036 522 1074 507 970 190
2651 909 269 1020 179 991 250 1054 232 987 397 1028 397 941 136 984 147 1054 428 1126 185 1126 227 994 438 1103 436 1002 303 1074 465 919 208 1081 398 1088 202 1178 298 1053 366 1109 368 1032 463 1036 522 1074 507 970 190
2701 909 269 1020 179 991 250 1054 232 977 392 1019 415 941 136 984 147 1058 430 1126 185 1126 227 968 469 1103 436 1075 341 1076 468 919 208 1082 397 1088 202 1179 339 1044 373 1110 366 1032 463 1036 522 1074 509 970 190
2751 909 269 1020 179 991 250 1054 232 970 388 1015 426 941 136 984 147 1059 434 1126 185 1126 227 940 501 1103 436 1002 329 1080 468 919 208 1079 396 1088 202 1176 338 1029 388 1122 386 1031 463 1034 522 1075 514 970 190
2801 909 269 1020 179 991 250 1054 232 964 404 1015 427 941 136 984 147 1059 434 1126 185 1126 227 951 523 1103 436 997 326 1080 468 919 208 1079 396 1088 202 1179 237 1029 389 1123 388 1031 464 1034 522 1075 514 970 190
2851 920 268 1020 179 991 250 1054 232 964 405 1015 427 941 136 984 147 1059 434 1126 185 1126 227 968 568 1103 436 997 326 1080 468 919 208 1079 396 1088 202 1178 232 1029 389 1119 396 1031 464 1034 522 1075 514 970 190
2901 923 267 1020 179 991 250 1054 232 964 405 1001 423 951 123 987 148 1042 425 1126 185 1126 227 968 568 1108 512 997 326 1049 498 928 208 1070 394 1088 202 1178 232 1028 386 1068 461 1021 471 1027 532 1078 540 970 190
2951 923 267 1027 185 991 250 1054 232 963 404 1000 423 1034 127 996 160 1041 423 1126 185 1126 227 968 568 1174 577 997 326 1047 501 928 208 1070 394 1088 202 1178 232 1028 386 1065 463 1020 471 1025 534 1071 550 969 191
3001 923 267 1027 186 991 250 1054 232 963 404 1000 423 1149 148 996 160 1041 423 1137 197 1125 238 968 568 1125 574 997 326 1047 501 928 208 1070 394 1088 202 1178 232 1028 386 1065 463 1020 471 1025 534 1071 550 968 192
3051 923 267 1027 186 991 250 1054 232 963 404 1000 423 1166 219 996 160 1041 423 1128 201 1124 244 968 568 1062 554 997 326 1045 492 928 208 1070 394 1088 202 1179 258 1028 386 1070 453 1014 464 985 523 1025 535 968 192
3101 923 267 1027 186 991 250 1054 232 963 404 1000 423 1135 258 996 160 1041 423 1127 201 1094 255 959 560 1060 554 997 326 1045 491 928 208 1070 394 1085 202 1174 329 1028 386 1071 452 1013 463 982 522 1022 534 968 192
3151 923 267 1027 186 991 250 1054 232 963 404 1000 423 1134 259 996 160 1041 423 1127 201 1094 256 978 564 1060 554 997 326 1045 491 928 208 1070 394 1085 202 1173 337 1028 386 1071 452 1013 463 987 514 1023 535 968 192
3201 923 267 1027 186 991 250 1054 232 962 404 999 420 1134 259 996 160 1041 423 1127 201 1094 256 982 568 1068 558 939 306 1048 491 928 208 1070 394 1085 202 1173 337 1028 386 1071 452 1017 458 1007 501 1025 538 968 192
3251 923 267 1027 186 991 250 1054 232 972 389 1001 422 1134 259 996 160 1043 424 1127 201 1094 256 982 568 1068 558 937 305 1049 490 928 208 1070 394 1085 202 1173 337 1028 386 1071 452 1018 458 1007 500 1025 539 968 192
3301 923 267 1035 184 991 250 1054 232 1065 343 1001 422 1134 259 1006 149 1042 427 1127 201 1094 256 982 568 1068 558 937 305 1049 490 947 212 1094 398 1085 202 1173 337 1055 386 1075 456 1018 459 1007 500 1025 539 990 200
3351 923 267 1043 194 991 250 1054 233 1155 376 1001 422 1134 259 1067 161 1042 427 1127 201 1094 256 982 568 1068 558 937 305 1049 490 947 212 1095 398 1085 202 1179 332 1056 386 1075 456 1018 459 1007 500 1025 539 992 207
3401 923 267 1042 194 991 250 1054 236 1154 395 1001 422 1134 259 1167 186 1042 427 1152 223 1094 265 982 568 1068 558 937 305 1049 490 947 212 1095 398 1092 216 1164 357 1056 386 1075 456 1018 459 1007 500 1025 539 992 208
3451 923 267 1042 194 991 250 1054 236 1137 478 1001 422 1125 291 1165 284 1042 427 1128 235 1086 265 982 568 1068 558 937 305 1049 490 947 212 1095 398 1092 216 1110 447 1056 386 1072 457 1018 459 1007 500 1025 539 992 208
3501 923 267 1041 190 991 250 1046 231 1154 577 996 421 1103 290 1149 345 1040 422 1127 235 1078 256 982 568 1068 558 937 305 1047 502 947 212 1095 398 1092 216 1100 455 1057 383 1058 460 1017 459 1001 501 1025 539 992 208
3551 923 267 1041 188 991 250 1044 231 1144 558 996 421 1102 290 1149 346 1040 422 1127 235 1077 255 982 568 1068 558 937 305 1047 502 947 212 1095 398 1092 216 1100 455 1057 383 1058 460 1017 459 1001 501 1025 539 992 208
3601 923 267 1041 188 991 250 1044 231 1127 533 996 421 1102 290 1149 346 1040 422 1127 235 1077 255 982 568 1044 566 937 305 1047 502 947 212 1095 398 1092 216 1100 455 1057 383 1058 460 1017 459 996 493 1013 537 992 208
3651 951 252 1041 188 991 250 1044 231 1127 532 996 421 1102 290 1149 346 1041 420 1127 235 1077 255 974 569 1016 551 937 305 1047 502 961 206 1095 398 1092 216 1100 455 1057 383 1059 460 1019 455 985 479 987 522 1001 207
3701 949 253 1075 161 1003 273 1052 248 1127 532 996 421 1111 305 1149 346 1041 420 1131 234 1099 263 975 553 1016 550 937 305 1047 502 988 235 1095 398 1095 218 1100 455 1057 383 1059 460 1019 455 984 475 991 515 1058 198
3751 949 253 1125 180 1003 274 1052 250 1127 532 1001 411 1112 307 1149 346 1043 420 1144 238 1101 265 985 561 1025 550 937 305 1071 501 988 235 1095 398 1102 222 1106 455 1060 376 1061 460 1021 457 967 438 1026 497 1071 196
3801 949 253 1179 265 1003 274 1047 248 1127 532 1017 376 1112 308 1149 346 1069 422 1133 269 1086 271 985 561 1025 550 937 305 1072 504 988 235 1103 393 1102 222 1113 454 1060 376 1073 462 1029 465 1029 420 1028 508 1071 195
3851 949 253 1133 341 1003 274 1044 247 1127 532 1023 374 1101 309 1144 384 1075 422 1131 272 1082 269 985 561 1025 550 937 305 1072 507 988 235 1103 392 1102 222 1114 454 1064 376 1075 465 1029 466 1034 417 1028 509 1071 195
3901 949 253 1129 346 1002 273 1028 241 1127 532 1023 375 1042 283 1144 389 1075 423 1131 272 1075 244 985 561 1025 550 937 305 1072 507 986 235 1102 391 1129 178 1114 454 1065 376 1075 466 1029 466 1033 417 1028 509 1071 195
3951 949 253 1152 337 1001 273 1028 241 1127 532 1018 373 1042 283 1152 388 1080 427 1131 272 1075 243 985 561 1025 550 937 305 1072 513 986 235 1105 396 1130 178 1114 454 1061 389 1075 468 1029 466 1032 419 1028 509 1071 195
