1 1064 54 -0.445 353 509 -2.246 649 234 -0.131 842 439 2.65 766 581 -1.139 507 564 0.564 861 214 1.07 590 483 -1.882 119 272 -0.653 934 114 -3.091
51 1066 93 4.437 390 498 2.636 635 278 3.368 769 383 5.162 793 581 3.743 475 554 5.448 800 281 2 504 436 -2.929 184 200 -0.909 950 79 1.792
101 1090 89 9.321 285 510 2.776 514 261 2.915 855 366 6.883 809 556 8.627 491 571 10.331 846 316 0.361 458 349 -1.207 256 101 -0.571 867 107 3.118
151 1091 65 14.205 268 586 2.323 395 249 3.845 952 442 7.22 794 537 13.511 512 559 15.215 834 361 3.663 533 329 1.303 356 81 1.939 753 136 3.455
201 1067 60 19.089 174 562 3.648 325 180 4.38 972 539 8.941 772 548 18.395 448 508 16.739 719 327 4 593 409 0.85 305 163 2.079 697 57 5.769
251 1058 83 23.973 54 547 3.986 310 70 5.112 893 537 12.244 780 571 23.279 388 400 17.471 667 224 4.535 624 506 1.78 247 259 2.416 739 106 8.083
301 1079 95 28.856 28 454 5.114 402 10 5.45 897 561 17.128 838 510 25.593 436 382 20.378 715 126 6.059 567 516 4.094 150 331 3.544 691 157 11.583
351 1095 77 33.74 17 351 6.044 512 43 6.182 921 560 22.011 871 584 28.302 503 467 19.134 835 134 6.791 500 414 4.629 42 283 4.079 709 173 16.467
401 1079 58 38.624 124 319 5.986 624 52 7.903 925 536 26.895 771 526 29.035 595 543 20.065 919 204 8.512 516 295 5.362 10 173 4.614 728 158 21.351
451 1058 70 43.508 236 344 6.719 620 165 7.845 902 529 31.779 740 423 31.151 548 562 22.181 884 312 6.873 611 245 6.885 41 54 5.347 716 137 26.235
501 1067 93 48.392 313 410 9.033 579 245 9.566 890 550 36.663 753 471 33.86 435 521 22.518 934 384 9.187 664 324 8.606 135 28 6.475 693 145 31.118
551 1091 89 53.275 225 486 7.986 457 233 9.311 910 565 41.547 662 548 33.802 340 445 22.658 822 391 9.722 586 411 8.548 246 68 6.812 698 169 36.002
601 1090 65 58.159 199 584 10.3 339 219 10.241 927 548 46.43 599 545 37.698 312 355 25.763 726 321 10.455 603 500 8.292 323 126 8.731 727 173 38.909
651 1067 61 63.043 125 522 10.44 314 120 12.16 914 528 51.314 596 569 42.582 407 390 25.309 674 214 11.78 545 480 10.606 236 208 8.673 694 227 41.619
701 1059 83 67.927 56 432 11.963 423 66 12.299 892 537 56.198 619 576 47.465 475 417 26.635 757 194 13.106 520 381 10.944 166 308 9.405 664 125 43.142
751 1080 95 72.81 59 355 9.533 521 90 14.218 897 561 61.082 630 555 52.349 541 497 26.577 830 281 12.653 542 263 11.676 59 278 10.138 727 142 45.654
801 1095 76 77.694 54 310 13.231 563 167 11.393 922 560 65.966 633 548 57.233 555 588 28.298 837 351 15.362 635 250 13.397 11 177 10.871 696 237 48.165
851 1079 58 82.578 147 375 12.184 604 184 15.486 924 536 70.849 619 565 62.117 444 559 28.437 736 353 17.083 634 354 14.525 57 74 12.987 718 228 53.049
901 1058 71 87.462 247 351 13.115 492 221 15.428 901 529 75.733 633 586 67.001 324 548 28.379 742 243 18.606 591 466 14.467 155 126 13.127 714 196 56.945
951 1067 93 92.346 251 440 14.638 371 226 15.963 891 550 80.617 655 576 71.884 257 484 29.507 767 300 20.92 525 467 16.979 239 102 12.278 707 223 61.828
1001 1091 88 97.229 232 532 12.999 304 143 17.881 910 565 85.501 624 517 74.198 273 384 31.624 776 398 21.851 505 346 17.119 274 160 14.592 726 238 66.712
1051 1090 64 102.113 243 578 15.115 399 136 18.219 927 548 90.385 680 408 74.733 384 385 31.17 775 375 26.735 514 223 17.851 214 263 15.127 745 222 71.596
1101 1066 61 106.997 140 580 17.034 458 177 20.73 914 528 95.268 761 398 76.85 469 446 31.903 733 384 29.839 612 189 19.177 112 273 17.243 732 201 76.48
1151 1059 84 111.881 112 479 15.987 437 294 21.463 892 538 100.152 764 500 77.78 562 518 32.636 776 293 32.351 696 259 19.119 169 186 17.778 710 210 81.364
1201 1080 95 116.765 111 414 18.499 343 268 22.789 898 561 105.036 681 579 78.71 502 581 34.752 757 376 35.06 735 349 20.84 239 199 20.29 714 234 86.247
1251 1095 76 121.648 177 344 19.429 323 171 25.103 922 559 109.92 571 546 80.036 389 544 35.089 785 371 39.944 623 365 22.166 253 313 21.813 738 233 91.131
1301 1078 58 126.532 279 335 19.371 425 181 26.428 924 535 114.803 587 433 80.571 292 473 35.427 769 354 44.828 503 378 22.503 142 315 22.744 742 209 96.015
1351 1058 71 131.416 260 405 21.29 452 276 28.149 901 529 119.687 670 350 81.897 260 362 36.95 749 368 49.712 475 292 23.631 156 234 23.674 719 202 100.899
1401 1068 94 136.3 195 505 20.244 338 237 29.08 891 551 124.571 760 418 83.222 366 320 37.485 762 386 54.596 526 195 24.759 225 231 26.581 708 223 105.783
1451 1091 88 141.184 147 569 23.546 350 184 32.58 911 565 129.455 695 500 84.35 450 359 39.404 789 376 59.479 636 208 26.282 205 323 28.5 727 238 110.666
1501 1090 64 146.067 125 467 22.697 442 225 32.719 927 547 134.339 591 560 84.292 510 443 38.357 787 352 64.363 692 306 26.817 150 262 31.604 745 222 115.55
1551 1066 61 150.951 150 399 25.209 405 287 34.836 913 528 139.222 527 538 86.804 543 516 40.474 763 350 69.247 655 414 27.352 258 289 31.942 732 201 120.434
1601 1059 84 155.835 198 341 22.581 317 226 36.952 892 538 144.106 541 478 86.746 496 543 38.044 757 373 74.131 558 404 28.876 249 321 36.826 709 211 125.318
1651 1081 95 160.719 201 286 26.279 377 262 39.069 898 562 148.99 607 374 87.479 506 573 40.951 779 383 79.015 455 337 29.015 266 338 41.709 715 234 130.202
1701 1095 75 165.603 244 391 25.826 345 290 43.557 922 559 153.874 705 383 88.804 396 578 40.893 792 363 83.898 428 236 30.736 286 325 46.593 739 233 135.085
1751 1078 58 170.486 218 480 27.547 352 313 48.441 924 535 158.758 692 470 90.525 277 579 41.032 775 346 88.782 538 208 31.667 277 303 51.477 742 209 139.969
1801 1058 72 175.37 132 465 29.268 376 310 53.325 900 529 163.641 593 537 90.27 261 496 42.16 755 360 93.666 649 249 33.388 253 309 56.361 719 202 144.853
1851 1068 94 180.254 176 386 29.407 377 286 58.208 891 551 168.525 530 519 92.979 238 378 42.695 766 382 98.55 592 340 33.725 255 333 61.245 708 224 149.737
1901 1092 87 185.138 209 327 32.512 353 281 63.092 911 565 173.409 594 426 94.898 312 318 43.032 789 375 103.434 509 418 35.446 280 314 66.128 727 238 154.621
1951 1089 63 190.022 255 431 32.849 379 327 67.976 928 547 178.293 597 514 96.421 366 312 44.951 787 351 108.317 432 334 35.586 286 286 71.012 745 221 159.504
2001 1065 61 194.905 233 538 32.593 427 364 72.86 913 528 183.177 530 540 99.921 427 344 45.486 762 350 113.201 452 232 37.504 264 276 75.896 731 201 164.388
2051 1059 85 199.789 207 587 34.117 447 357 77.744 891 539 188.06 541 561 104.805 488 418 44.637 757 373 118.085 573 237 38.237 250 296 80.78 709 211 169.272
2101 1081 95 204.673 136 524 36.036 432 338 82.627 899 562 192.944 564 553 109.689 512 505 45.765 779 383 122.969 581 328 39.76 267 313 85.664 715 235 174.156
2151 1095 75 209.557 152 414 37.559 411 350 87.511 923 558 197.828 560 529 114.573 460 577 47.289 792 362 127.852 514 424 41.284 287 299 90.547 739 233 179.039
2201 1077 58 214.441 214 333 38.292 404 357 92.395 923 534 202.712 536 529 119.456 346 564 46.638 775 346 132.736 449 364 41.819 277 277 95.431 741 208 183.923
2251 1058 72 219.324 258 412 39.815 402 350 97.279 900 529 207.596 531 553 124.34 244 560 49.149 755 361 137.62 428 258 43.342 253 283 100.315 718 202 188.807
2301 1069 94 224.208 236 521 38.175 401 325 102.162 891 552 212.479 554 561 129.224 254 454 48.301 767 382 142.504 476 301 45.656 256 307 105.199 708 224 193.691
2351 1092 87 229.092 265 580 41.28 378 321 107.046 912 564 217.363 566 541 134.108 258 342 49.824 790 375 147.388 429 343 49.551 280 309 110.083 728 238 198.575
2401 1089 63 233.976 160 585 41.024 375 348 111.93 928 546 222.247 548 525 138.991 352 336 51.15 786 351 152.271 442 363 54.435 286 286 114.966 745 221 203.458
2451 1065 62 238.86 99 504 42.35 429 376 116.814 912 527 227.131 529 540 143.875 414 360 50.301 762 350 157.155 472 352 59.319 264 276 119.85 731 201 208.342
2501 1059 85 243.743 146 406 43.676 443 376 121.698 891 539 232.015 541 561 148.759 482 383 51.429 757 374 162.039 502 339 64.203 250 296 124.734 709 212 213.226
2551 1082 95 248.627 216 329 44.013 427 358 126.581 899 562 236.898 564 553 153.643 548 465 51.964 780 383 166.923 479 341 69.087 268 313 129.618 716 235 218.11
2601 1095 74 253.511 268 396 45.932 406 371 131.465 923 558 241.782 560 529 158.527 478 522 53.092 792 362 171.807 477 365 73.97 287 298 134.501 740 232 222.994
2651 1077 58 258.395 224 505 45.676 415 393 136.349 923 534 246.666 535 529 163.41 380 562 52.441 774 346 176.69 500 372 78.854 276 277 139.385 741 208 227.877
2701 1058 73 263.278 169 585 47.199 438 389 141.233 899 530 251.55 531 553 168.294 274 578 53.964 755 361 181.574 510 350 83.738 253 284 144.269 718 202 232.761
2751 1069 94 268.162 140 499 48.525 438 364 146.117 891 552 256.434 554 561 173.178 261 483 54.499 767 382 186.458 490 336 88.622 256 308 149.153 708 225 237.645
2801 1092 87 273.046 122 412 50.048 414 361 151 912 564 261.317 566 540 178.062 261 378 56.22 790 374 191.342 473 353 93.506 280 309 154.037 728 238 242.529
2851 1089 63 277.93 208 364 48.607 407 384 155.884 928 546 266.201 547 525 182.946 361 370 57.15 786 350 196.226 487 373 98.389 286 285 158.92 745 220 247.413
2901 1064 62 282.814 264 348 51.909 438 379 160.768 912 527 271.085 529 541 187.829 463 397 56.499 762 351 201.109 509 362 103.273 266 273 163.804 730 201 252.296
2951 1060 86 287.697 227 454 52.049 455 357 165.652 891 540 275.969 542 561 192.713 490 463 58.418 758 374 205.993 503 339 108.157 253 293 168.688 709 212 257.18
3001 1082 94 292.581 274 543 51.2 439 339 170.536 900 562 280.853 564 552 197.597 516 555 59.151 780 382 210.877 479 342 113.041 271 310 173.572 716 235 262.064
3051 1095 74 297.465 234 577 52.921 419 352 175.419 923 558 285.736 559 529 202.481 414 578 59.686 792 361 215.761 477 366 117.925 290 295 178.456 740 232 266.948
3101 1076 58 302.349 140 584 54.642 428 374 180.303 923 533 290.62 535 529 207.365 294 577 59.628 773 346 220.645 500 371 122.808 279 273 183.339 741 208 271.832
3151 1058 73 307.233 126 480 55.177 452 369 185.187 899 530 295.504 532 553 212.248 256 510 61.349 755 362 225.528 510 349 127.692 256 281 188.223 717 203 276.715
3201 1070 94 312.116 132 370 55.712 450 345 190.071 891 553 300.388 555 561 217.132 237 395 61.884 768 383 230.412 490 336 132.576 259 305 193.107 708 225 281.599
3251 1092 86 317 220 361 55.259 426 342 194.955 913 564 305.272 566 540 222.016 327 358 64 790 374 235.296 473 354 137.46 284 305 197.991 729 238 286.483
3301 1088 62 321.884 272 371 58.561 430 359 199.838 928 545 310.155 547 525 226.9 412 391 63.942 785 350 240.18 488 373 142.344 288 282 202.875 745 220 291.367
3351 1064 62 326.768 247 483 58.305 456 359 204.722 911 527 315.039 529 541 231.784 492 464 64.082 761 351 245.064 516 366 147.227 266 273 207.758 730 201 296.251
3401 1060 86 331.652 282 581 58.84 470 340 209.606 891 540 319.923 542 561 236.667 455 544 64.419 758 375 249.947 509 343 152.111 253 294 212.642 708 213 301.134
3451 1083 94 336.535 195 583 59.375 454 322 214.49 900 563 324.807 564 552 241.551 401 574 65.745 781 382 254.831 485 346 156.995 272 310 217.526 716 235 306.018
3501 1095 73 341.419 95 577 61.294 434 335 219.374 924 557 329.69 559 528 246.435 285 578 66.082 792 361 259.715 485 370 161.879 290 294 222.41 740 231 310.902
3551 1076 58 346.303 106 480 61.236 443 357 224.257 922 533 334.574 535 530 251.319 258 491 67.21 773 346 264.599 508 375 166.763 278 273 227.294 741 207 315.786
3601 1058 74 351.187 166 401 61.573 467 352 229.141 898 530 339.458 532 554 256.203 251 386 69.129 755 362 269.483 517 353 171.646 256 281 232.177 717 203 320.67
3651 1070 95 356.071 200 302 62.108 465 328 234.025 892 553 344.342 555 561 261.086 362 367 69.861 768 383 274.366 497 340 176.53 260 305 237.061 708 226 325.553
3701 1093 86 360.954 256 345 64.225 441 325 238.909 913 564 349.226 566 539 265.97 428 440 69.013 790 373 279.25 481 358 181.414 288 304 241.945 729 238 330.437
3751 1088 62 365.838 232 458 64.167 434 348 243.793 928 545 354.109 546 525 270.854 459 502 71.524 785 350 284.134 496 377 186.298 292 280 246.829 745 219 335.321
3801 1064 63 370.722 288 552 64.306 456 359 248.676 911 527 358.993 529 542 275.738 404 585 72.257 761 351 289.018 517 365 191.181 269 272 251.713 729 201 340.205
3851 1060 87 375.606 229 550 64.05 470 339 253.56 891 541 363.877 543 562 280.622 300 571 72.397 758 375 293.902 509 343 196.065 257 293 256.596 708 213 345.089
3901 1083 94 380.49 238 587 65.771 453 322 258.444 901 563 368.761 565 552 285.505 269 502 73.327 781 382 298.785 485 346 200.949 276 309 261.48 717 236 349.972
3951 1094 73 385.373 156 590 65.12 433 336 263.328 924 557 373.645 558 528 290.389 236 405 75.641 792 360 303.669 485 371 205.833 294 293 266.364 741 231 354.856
