1 675 260 1.815 1000 170 1.285 860 330 -1.523 151 512 -1.289 151 94 1.297 884 25 -0.695 1002 81 -3.083 426 497 -1.733 623 372 -0.784 435 477 2.25
51 596 241 3.536 1029 267 2.216 911 244 -0.395 218 436 -1.347 145 196 1.832 895 63 3.595 1018 46 1.8 455 524 3.15 718 391 0.541 425 424 7.134
101 518 286 3.676 942 278 3.739 1029 237 0.336 171 365 -1.207 85 294 3.751 780 41 2.746 996 38 6.683 458 501 8.034 780 484 2.262 405 438 12.018
151 503 198 5.001 889 199 5.658 1127 306 1.069 231 316 1.304 45 208 5.274 677 71 4.862 984 59 11.567 384 566 9.162 699 546 3.983 415 460 16.902
201 536 86 4.746 994 140 5.995 1159 420 1.406 258 431 1.641 104 105 5.216 750 61 6.781 1002 74 16.451 267 582 10.883 628 457 3.727 420 354 17.437
251 509 17 6.467 1115 139 6.925 1188 496 0.557 228 547 2.571 172 13 6.74 843 140 7.514 1021 59 21.335 289 580 15.766 533 443 4.855 389 248 15.204
301 611 13 7.002 1177 239 7.46 1168 570 3.465 117 557 3.897 259 81 7.472 822 230 9.432 1008 38 26.218 294 557 20.65 609 383 6.181 323 214 18.309
351 674 84 6.943 1113 298 9.379 1062 534 3.406 68 459 4.234 295 199 7.81 737 283 9.374 986 46 31.102 271 548 25.534 652 424 9.878 422 177 19.635
401 697 177 9.455 995 308 9.123 949 503 2.36 27 390 5.165 268 308 9.926 711 214 11.491 990 70 35.986 259 569 30.418 560 361 10.611 510 262 19.379
451 582 183 9.397 893 309 11.635 888 563 3.883 77 282 6.095 221 223 11.054 805 158 12.816 1015 70 40.87 277 585 35.302 623 311 12.134 550 332 21.891
501 466 176 8.746 910 326 16.519 839 472 5.011 161 334 7.223 220 109 11.589 872 241 14.142 1018 46 45.754 314 523 37.22 738 286 12.867 466 283 23.019
551 425 139 12.048 929 311 21.403 864 352 5.151 235 434 7.362 200 14 11.926 822 297 16.456 995 38 50.637 425 467 37.162 838 353 13.797 386 219 21.379
601 527 82 11.99 896 293 25.694 956 288 6.081 278 548 8.293 300 25 12.461 751 206 16.793 984 59 55.521 516 388 38.093 828 470 14.53 359 180 24.879
651 569 17 11.932 881 312 30.577 1078 296 6.814 202 557 10.607 359 83 14.38 691 99 16.933 1003 74 60.405 508 408 42.976 740 471 16.449 464 197 25.81
701 662 25 14.444 896 330 35.461 1146 390 7.744 126 494 9.363 314 198 14.717 722 17 20.236 1021 58 65.289 526 424 47.86 641 404 16.193 565 270 25.949
751 678 126 13.398 917 318 40.345 1132 503 9.663 92 420 10.095 233 290 15.45 765 110 19.584 1008 38 70.173 545 408 52.744 542 345 17.716 566 352 28.856
801 639 164 16.305 910 289 44.24 1019 503 9.012 62 320 11.421 118 282 16.38 745 193 21.701 986 47 75.056 532 387 57.628 625 289 18.647 464 359 29.589
851 541 160 14.072 962 359 45.961 904 533 8.954 137 308 13.537 23 297 16.322 641 203 24.015 991 70 79.94 510 396 62.512 735 300 20.961 411 261 29.333
901 485 173 16.782 931 351 50.845 829 511 11.466 206 411 13.875 35 205 17.45 665 92 23.759 1015 69 84.824 515 420 67.395 646 322 22.286 368 151 30.066
951 422 132 15.933 916 369 55.729 873 399 11.803 175 484 16.979 76 93 17.788 728 40 27.259 1018 45 89.708 539 419 72.279 572 268 24.996 402 144 32.182
1001 364 70 18.247 931 388 60.613 975 337 12.338 89 430 17.712 153 16 19.311 654 105 29.376 995 38 94.592 542 395 77.163 686 246 25.135 488 213 31.927
1051 466 20 18.98 952 375 65.497 1097 332 13.071 135 331 17.852 258 71 19.055 675 96 34.259 984 60 99.475 519 387 82.047 809 253 25.67 572 289 34.043
1101 582 10 18.922 944 353 70.38 1135 430 14.199 212 324 19.968 347 125 20.579 670 72 39.143 1003 74 104.359 508 409 86.931 864 343 26.996 488 262 34.38
1151 673 10 19.259 920 357 75.264 1054 457 16.117 230 441 21.294 317 242 20.916 636 68 42.643 1021 57 109.243 527 424 91.814 848 465 26.938 404 250 36.101
1201 657 78 21.178 920 381 80.148 977 497 15.071 162 402 23.41 223 299 22.637 698 32 44.562 1007 37 114.127 545 407 96.698 797 571 28.659 431 150 38.415
1251 668 168 21.515 944 385 85.032 879 495 16.397 165 288 25.131 116 241 22.579 718 105 47.074 985 47 119.011 532 387 101.582 705 513 28.996 414 166 43.299
1301 612 254 22.643 952 362 89.915 890 399 18.118 165 311 30.015 110 153 24.498 673 66 50.969 991 71 123.894 510 396 106.466 610 441 28.741 427 186 48.183
1351 515 216 20.608 931 351 94.799 997 347 19.246 188 318 34.899 186 64 23.846 655 82 55.853 1015 69 128.778 558 425 107.989 616 381 31.055 449 177 53.067
1401 451 224 23.713 916 369 99.683 1005 418 21.56 199 296 39.783 257 27 25.963 669 103 60.737 1018 45 133.662 545 524 109.908 735 342 31.194 444 153 57.951
1451 439 142 22.073 932 388 104.567 895 454 22.49 179 282 44.666 305 135 26.893 691 93 65.62 994 38 138.546 454 497 111.233 853 353 31.927 414 121 62.834
1501 363 91 24.19 953 375 109.451 910 396 25.792 162 298 49.55 272 253 27.428 685 70 70.504 984 60 143.43 408 388 111.966 893 450 33.45 411 140 67.718
1551 424 13 25.713 944 352 114.334 936 495 26.92 155 319 54.434 191 288 28.754 661 71 75.388 1004 74 148.313 430 395 116.85 826 524 34.578 460 155 70.428
1601 536 25 24.864 920 357 119.218 863 507 30.618 175 310 59.318 138 207 30.079 658 95 80.272 1021 57 153.197 447 377 121.734 707 527 34.718 491 274 70.765
1651 637 9 24.213 921 381 124.102 878 525 35.502 169 286 64.202 176 95 30.021 682 102 85.156 1007 37 158.081 417 358 126.024 594 489 35.648 444 359 72.486
1701 677 55 27.713 945 385 128.986 899 513 40.386 145 288 69.085 231 16 31.94 665 25 88.26 985 48 162.965 480 392 125.966 642 415 37.171 379 363 73.416
1751 642 142 26.865 952 362 133.87 891 490 45.269 142 312 73.969 317 92 32.673 707 105 89.981 992 71 167.849 586 446 127.49 753 360 37.311 365 259 73.951
1801 590 209 28.586 931 351 138.753 867 494 50.153 166 319 78.853 312 207 33.801 634 160 92.888 1016 68 172.732 517 447 129.606 864 376 39.032 324 171 72.312
1851 508 256 29.121 916 370 143.637 867 518 55.037 176 297 83.737 212 236 35.324 657 168 97.772 1017 44 177.616 440 358 130.932 853 491 39.765 323 122 75.812
1901 469 162 29.063 933 387 148.521 907 536 59.921 156 283 88.621 186 150 37.045 668 147 102.656 994 39 182.5 459 369 135.816 751 537 41.09 433 166 76.149
1951 392 113 30.981 953 374 153.405 915 513 64.805 139 300 93.504 229 65 35.01 650 131 107.54 984 61 187.384 477 353 140.699 638 499 41.23 489 273 76.882
2001 452 24 30.528 943 352 158.289 894 501 69.688 153 320 98.388 255 14 38.115 631 147 112.424 1004 74 192.268 441 329 144.99 610 430 43.544 452 346 78.801
2051 549 21 30.47 920 358 163.172 879 520 74.572 175 309 103.272 337 82 39.441 644 168 117.307 1021 56 197.151 537 364 145.13 721 376 43.486 373 298 79.929
2101 648 50 33.377 921 382 168.056 894 538 79.456 168 286 108.156 310 196 39.976 667 159 122.191 1006 37 202.035 599 455 147.444 838 354 44.614 359 189 80.661
2151 622 141 32.133 945 384 172.94 915 526 84.34 144 289 113.039 237 179 42.487 649 103 124.308 985 48 206.919 499 447 148.374 842 448 46.73 418 123 82.58
2201 597 204 34.249 952 361 177.824 907 503 89.224 143 313 117.923 237 62 42.825 714 35 127.412 992 71 211.803 426 357 149.897 756 515 47.463 461 226 84.499
2251 509 224 35.575 930 351 182.708 883 508 94.107 166 318 122.807 319 25 45.139 654 114 129.133 1016 68 216.686 443 371 154.781 644 482 47.603 386 180 84.836
2301 420 190 34.726 916 370 187.591 883 532 98.991 176 296 127.691 297 114 47.848 660 92 134.017 1017 44 221.57 486 340 157.491 613 412 49.917 283 142 86.557
2351 356 119 36.052 933 388 192.475 907 536 103.875 155 283 132.575 317 23 50.36 640 78 138.901 993 39 226.454 593 398 158.223 725 362 49.859 338 160 88.871
2401 384 37 35.994 953 374 197.359 915 513 108.759 139 301 137.458 341 92 52.476 623 95 143.785 984 61 231.338 542 443 160.735 841 355 51.777 415 258 89.011
2451 458 36 37.913 943 352 202.243 894 501 113.643 154 320 142.342 251 143 54.593 636 115 148.669 1005 74 236.222 449 376 160.084 807 445 52.115 422 351 91.918
2501 554 11 37.261 919 358 207.127 879 520 118.526 175 309 147.226 242 47 55.918 660 104 153.552 1021 56 241.105 439 332 164.572 731 446 54.033 362 262 92.453
2551 621 9 36.61 922 382 212.01 895 538 123.41 168 286 152.11 337 39 58.035 654 83 158.436 1006 37 245.989 434 437 166.491 630 383 53.778 340 145 92.79
2601 674 46 40.308 946 384 216.894 915 525 128.294 144 289 156.994 285 112 60.546 625 81 162.134 985 49 250.873 334 425 168.607 604 318 56.487 396 132 96.883
2651 641 132 38.273 952 361 221.778 906 503 133.178 143 313 161.877 310 36 62.663 675 11 162.471 993 72 255.757 425 376 169.34 725 304 56.627 387 110 101.767
2701 610 180 40.587 930 351 226.662 883 508 138.062 167 318 166.761 318 62 67.547 761 32 165.576 1016 68 260.641 540 329 169.282 821 358 58.743 442 207 101.313
2751 525 222 41.715 916 371 231.546 884 532 142.945 176 296 171.645 342 65 72.43 673 78 165.716 1017 43 265.524 604 358 171.794 740 425 59.476 467 321 102.639
2801 431 196 40.867 934 388 236.429 908 535 147.829 155 283 176.529 349 42 77.314 623 30 168.623 993 39 270.408 542 329 174.701 623 420 60.011 376 385 103.569
2851 405 127 41.995 953 373 241.313 915 512 152.713 139 301 181.413 328 31 82.198 706 17 170.739 985 62 275.292 609 339 177.608 628 353 62.522 313 326 105.488
2901 339 68 43.32 942 352 246.197 893 501 157.597 154 320 186.296 312 50 87.082 671 100 171.867 1005 74 280.176 536 402 179.922 745 345 64.243 336 209 105.232
2951 419 17 44.053 919 359 251.081 879 521 162.481 175 308 191.18 328 66 91.965 637 80 176.751 1021 55 285.06 471 313 181.445 682 374 66.36 356 96 106.953
3001 528 26 43.6 922 383 255.965 895 538 167.364 167 285 196.064 347 51 96.849 618 94 181.635 1005 37 289.943 486 329 186.329 582 325 68.279 431 164 107.686
3051 624 10 44.135 946 384 260.848 916 525 172.248 143 289 200.948 337 29 101.733 630 117 186.518 985 49 294.827 536 290 188.841 598 342 73.162 494 269 108.616
3101 631 78 46.053 952 360 265.732 906 503 177.132 143 314 205.832 313 35 106.617 628 15 187.449 993 72 299.711 575 342 191.748 633 357 78.046 424 280 110.337
3151 663 166 46.588 929 351 270.616 882 509 182.016 167 318 210.715 315 59 111.501 693 9 187.588 1017 67 304.595 543 287 195.446 625 335 82.93 361 188 111.465
3201 609 253 47.123 916 371 275.5 884 533 186.9 175 295 215.599 339 61 116.384 758 52 190.298 1016 43 309.479 526 303 200.329 601 340 87.814 399 115 114.175
3251 516 295 46.67 934 388 280.383 908 535 191.783 154 283 220.483 345 37 121.268 747 154 191.228 992 39 314.362 540 323 205.213 602 364 92.697 463 215 114.907
3301 457 243 48.589 953 373 285.267 915 512 196.667 139 302 225.367 323 27 126.152 637 189 192.554 985 62 319.246 562 313 210.097 626 367 97.581 428 209 119.396
3351 430 187 46.949 942 351 290.151 893 502 201.551 155 320 230.251 309 47 131.036 641 93 193.682 1006 74 324.13 556 290 214.981 633 344 102.465 397 197 124.28
3401 404 167 48.67 919 359 295.035 879 521 206.435 175 308 235.134 327 64 135.92 708 16 194.414 1021 55 329.014 532 292 219.865 612 333 107.349 406 147 129.163
3451 348 103 48.019 923 383 299.919 896 538 211.319 167 285 240.018 346 47 140.803 725 66 197.717 1005 37 333.898 530 316 224.748 597 352 112.233 412 106 134.047
3501 393 45 48.752 947 383 304.802 916 524 216.202 143 290 244.902 331 12 145.687 687 137 195.88 984 50 338.781 553 322 229.632 613 370 117.116 391 92 138.931
3551 484 21 50.67 951 360 309.686 905 503 221.086 144 314 249.786 308 19 150.571 647 161 199.775 993 72 343.665 563 300 234.516 634 357 122 373 109 143.815
3601 577 16 49.031 929 351 314.57 882 509 225.97 168 318 254.67 310 43 155.455 650 49 199.717 1017 67 348.549 543 286 239.4 624 335 126.884 386 129 148.699
3651 650 28 52.136 916 372 319.454 884 533 230.854 175 295 259.553 334 44 160.339 691 10 200.252 1016 43 353.433 526 304 244.284 601 340 131.768 408 119 153.582
3701 641 136 51.089 935 388 324.338 909 535 235.737 154 283 264.437 340 21 165.222 789 26 202.961 992 40 358.317 541 323 249.167 602 364 136.652 403 96 158.466
3751 656 236 53.206 953 372 329.221 914 511 240.621 139 302 269.321 318 11 170.106 723 103 203.496 985 63 363.2 562 312 254.051 626 367 141.535 379 97 163.35
3801 549 263 52.555 941 351 334.105 892 502 245.505 155 320 274.205 304 31 174.99 724 199 203.636 1007 74 368.084 555 290 258.935 633 344 146.419 376 121 168.234
3851 466 279 54.869 919 359 338.989 879 522 250.389 176 307 279.089 322 48 179.874 648 170 205.752 1021 54 372.968 531 293 263.819 611 333 151.303 398 127 173.118
3901 437 179 53.427 923 383 343.873 896 538 255.273 166 285 283.972 341 33 184.758 658 51 206.287 1004 37 377.852 530 317 268.703 597 353 156.187 408 98 177.211
3951 403 111 55.543 947 383 348.757 916 524 260.156 143 290 288.856 330 12 189.641 745 18 208.601 984 50 382.736 554 322 273.586 614 370 161.071 427 211 177.746
