1 0.838 -1.586 -3.586 -0.423 -3.307 -3.082 0.874 -1.141 0.222 0.408
51 1.652 -2.94 1.041 3.525 -4.128 0.629 4.09 2.286 4.637 3.368
101 2.272 -0.229 6.805 6.924 -0.583 2.19 4.481 3.178 8.582 3.012
151 2.615 -1.478 9.16 12.497 0.894 2.17 4.259 3.713 13.594 5.612
201 3.89 0.708 10.875 16.715 1.314 2.1 4.083 4.289 19.455 5.95
251 5.488 5.009 14.77 20.756 2.18 5.346 5.795 5.481 23.33 6.383
301 4.397 10.858 19.603 25.962 1.863 7.768 6.673 5.412 23.835 8.774
351 7.199 14.231 25.429 31.829 3.048 12.585 8.438 5.568 25.997 8.254
401 7.69 17.883 30.746 36.724 4.403 16.477 9.575 9.168 25.79 8.263
451 8.176 20.535 34.757 40.603 5.645 20.981 10.515 11.388 26.653 10.778
501 9.47 21.062 38.996 45.182 7.449 26.655 10.392 15.789 26.562 10.932
551 7.723 21.765 44.45 50.898 7.822 32.267 11.069 16.125 30.107 11.682
601 9.757 22.078 50.243 56.451 8.544 36.532 14.263 16.49 30.763 12.398
651 9.395 22.584 54.816 60.647 8.876 40.543 15.425 16.644 31.73 12.966
701 12.066 23.662 58.711 64.703 11.036 45.701 16.53 17.09 32.694 14.906
751 12.035 24.078 63.57 69.934 10.914 51.572 18.579 17.589 32.764 16.124
801 13.582 24.297 69.403 75.798 13.13 56.526 21.782 17.747 34.885 16.824
851 14.427 27.781 74.693 80.663 14.046 60.413 23.557 20.929 34.235 17.091
901 14.859 28.371 78.689 84.539 14.115 64.941 28.196 21.404 37.482 17.663
951 15.87 28.741 82.949 89.143 15.205 70.631 32.279 21.769 38.301 18.314
1001 15.93 29.623 88.425 94.874 17.804 76.223 36.433 22.664 39.664 18.407
1051 16.527 30.397 94.206 100.405 18.108 80.464 41.804 22.983 40.017 20.48
1101 18.771 32.808 98.75 104.579 20.526 84.49 47.633 24.285 43.685 19.725
1151 19.746 35.255 102.651 108.652 20.691 89.672 52.323 23.492 44.561 22.385
1201 20.599 37.183 107.536 113.906 21.618 95.542 56.202 24.151 45.548 22.999
1251 21.188 41.843 113.377 119.766 24.272 100.465 60.954 27.376 48.659 23.244
1301 22.037 47.54 118.64 124.601 26.293 104.348 66.758 27.81 49.152 23.675
1351 22.376 53.099 122.622 128.476 26.862 108.902 72.141 29.178 50.07 24.557
1401 23.697 57.122 126.904 133.106 28.109 114.606 76.134 29.369 50.951 24.591
1451 25.343 59.6 132.399 138.849 30.343 120.178 80.379 30.005 51.652 26.864
1501 26.39 60.727 138.169 144.358 32.107 124.396 85.889 30.321 54.408 26.252
1551 27.241 64.516 142.685 148.511 32.907 128.437 91.649 33.58 54.924 28.528
1601 28.555 68.418 146.593 152.6 34.405 133.644 96.162 34.708 56.001 29.139
1651 27.999 73.293 151.504 157.879 37.938 139.511 100.07 35.966 56.789 29.401
1701 29.229 79.109 157.35 163.734 40.032 144.405 104.985 36.419 57.292 29.778
1751 29.174 84.421 162.586 168.539 43.651 148.284 110.839 39.457 58.556 30.625
1801 29.915 88.287 166.555 172.413 45.468 152.863 116.06 41.194 58.887 30.684
1851 32.266 92.685 170.858 177.068 47.445 158.582 120.035 43.463 61.945 33.149
1901 33.393 98.24 176.374 182.825 52.419 164.132 124.334 48.449 63.105 32.462
1951 34.02 103.968 182.131 188.311 58.179 168.328 129.864 54.308 63.891 34.786
2001 34.235 108.354 186.618 192.443 61.499 172.384 135.61 59.465 66.917 35.234
2051 35.212 112.31 190.534 196.55 65.707 177.617 140.096 63.4 66.298 35.625
2101 36.876 117.331 195.472 201.852 70.975 183.48 144.012 67.774 67.715 36.365
2151 35.666 120.907 201.324 207.702 76.826 188.344 148.953 73.374 68.006 36.426
2201 38.752 123.572 206.531 212.477 81.589 192.22 154.813 79.064 69.134 36.741
2251 39.605 128.751 210.488 216.35 85.465 196.825 160.005 83.434 69.506 37.102
2301 40.506 132.951 214.814 221.031 90.179 202.557 163.968 87.392 70.189 39.427
2351 40.654 137.009 220.35 226.8 94.74 208.086 168.29 92.442 72.58 39.198
2401 41.578 142.194 226.092 232.263 95.255 212.26 173.839 98.311 71.331 41.126
2451 43.411 148.171 230.552 236.375 96.195 216.333 179.571 103.392 73.563 41.476
2501 43.638 152.796 234.477 240.5 96.823 221.589 184.03 107.305 74.166 41.661
2551 44.236 156.686 239.44 245.825 102.022 227.449 187.954 111.732 74.787 42.057
2601 45.481 161.528 245.297 251.669 104.942 232.282 192.922 117.35 75.601 42.895
2651 46.079 167.336 250.476 256.414 109.016 236.157 198.785 123.023 75.986 42.907
2701 46.801 172.674 254.421 260.288 114.751 240.787 203.95 127.367 77.086 43.938
2751 47.976 176.662 258.77 264.995 119.62 246.533 207.901 131.337 78.685 45.694
2801 47.674 180.924 264.325 270.775 120.891 252.039 212.246 136.412 79.283 46.214
2851 49.977 186.361 270.053 276.214 121.795 256.192 217.815 142.283 80.121 47.858
2901 49.568 192.164 274.485 280.307 126.936 260.281 223.532 147.334 80.745 48.193
2951 52.166 196.73 278.419 284.45 130.921 265.562 227.963 151.24 81.871 48.57
3001 52.55 200.627 283.408 289.799 135.17 271.417 231.896 155.69 82.025 49.406
3051 52.964 205.494 289.27 295.635 140.663 276.22 236.891 161.326 82.841 51.969
3101 53.769 211.311 294.42 300.35 143.687 280.094 242.758 166.981 84.505 52.061
3151 54.649 216.621 298.355 304.226 145.525 284.75 247.894 171.299 86.341 53.697
3201 56.416 220.595 302.726 308.959 146.594 290.508 251.835 175.282 86.728 54.487
3251 57.397 224.878 308.3 314.75 148.741 295.992 256.202 180.383 87.087 54.921
3301 58.527 230.352 314.013 320.164 149.636 300.124 261.79 186.254 88.029 54.802
3351 59.369 236.135 318.419 324.239 152.319 304.231 267.492 191.275 88.501 55.864
3401 59.57 240.654 322.363 328.401 153.166 309.535 271.897 195.174 89.277 58.285
3451 59.969 244.563 327.377 333.773 157.417 315.384 275.839 199.649 91.17 58.351
3501 62.718 249.469 333.242 339.601 158.766 320.157 280.86 205.301 91.268 59.766
3551 62.47 255.302 338.363 344.286 160.459 324.031 286.73 210.938 92.727 60.398
3601 64.352 260.562 342.288 348.165 165.563 328.713 291.837 215.232 93.106 61.011
3651 65.226 264.518 346.683 352.924 171.422 334.484 295.768 219.227 94.304 61.495
3701 65.611 268.833 352.276 358.725 176.432 339.943 300.159 224.354 94.439 62.742
3751 66.34 274.326 357.973 364.114 180.264 344.056 305.766 230.225 95.221 64.493
3801 68.283 277.724 362.352 368.171 184.874 348.181 311.451 235.216 97.531 65.12
3851 69.077 281.766 366.306 372.353 188.832 353.508 315.83 239.109 97.43 66.526
3901 67.615 286.882 371.347 377.747 190.687 359.351 319.783 243.608 98.769 67.201
3951 70.258 292.747 377.214 383.567 193.897 364.094 324.83 249.277 99.375 67.602
