1 -1.067 -1.287 -0.58 -2.11 -0.148 -0.316 0.624 0.358 0.668 -0.773
51 3.754 2.618 -0.009 2.091 3.161 0.942 5.307 5.338 4.497 0.667
101 4.165 2.983 2.97 7.454 4.331 5.701 5.118 9.204 6.499 1.632
151 5.227 3.404 3.821 13.288 6.155 10.285 7.382 13.769 7.766 3.593
201 9.328 3.668 5.835 17.947 7.064 14.178 9.829 19.43 9.256 4.295
251 13.216 3.957 5.449 21.825 7.866 19.027 10.093 25.048 10.978 4.724
301 15.617 4.228 7.087 26.62 10.567 24.861 10.875 29.251 12.823 5.523
351 16.187 4.6 8.69 32.397 12.349 30.155 11.638 31.051 14.645 6.196
401 16.806 4.389 11.584 37.805 13.178 34.16 12.361 32.155 16.047 8.175
451 17.722 5.267 11.942 41.811 15.386 38.41 14.752 35.047 21.107 7.93
501 16.927 5.231 14.577 43.834 15.9 43.882 16.082 35.003 25.055 8.953
551 20.035 4.863 15.74 45.029 18.072 49.665 16.459 37.012 29.031 10.191
601 21.449 7.416 18.414 46.125 18.751 54.219 16.888 37.685 34.869 10.576
651 23.184 7.761 22.26 47.804 19.416 58.118 17.132 37.886 36.408 11.788
701 23.351 7.754 22.694 50.545 19.155 62.994 17.238 40.317 36.622 10.852
751 26.339 9.606 23.925 51.886 19.185 68.835 17.46 40.757 38.188 13.595
801 25.675 10.23 24.522 55.925 22.673 74.102 18.618 41.461 39.25 13.729
851 28.024 10.611 25.383 56.6 22.915 78.093 18.329 43.263 40.768 16.215
901 29.184 11.463 28.261 57.139 24.893 82.364 19.197 42.667 41.165 18.277
951 29.42 10.737 29.379 57.245 24.889 87.857 21.207 43.452 42.04 23.416
1001 30.009 12.193 30.004 58.707 26.813 93.627 22.2 44.794 42.326 29.376
1051 30.467 14.748 30.521 61.174 29.126 98.154 22.786 46.2 43.861 34.101
1101 32.434 16.491 31.425 63.424 30.752 102.059 23.328 47.574 43.76 37.971
1151 32.851 17.704 32.373 64.205 31.739 106.961 23.508 49.332 46.752 42.723
1201 35.574 22.079 36.828 65.988 32.227 112.809 24.446 49.37 46.756 48.482
1251 41.387 26.039 40.695 68.307 35.724 118.049 24.396 49.68 48.263 53.138
1301 46.009 30.372 42.911 69.047 37.82 122.026 25.195 51.448 49.201 53.487
1351 49.896 35.945 48.077 69.647 37.472 126.318 27.478 51.083 50.119 53.782
1401 54.709 41.659 48.377 70.159 39.324 131.832 28.18 53.655 51.187 54.448
1451 60.536 46.099 48.934 71.924 42.583 137.589 29.041 54.674 52.133 54.417
1501 65.861 50.028 49.924 71.836 43.905 142.088 29.707 55.37 54.427 57.115
1551 69.89 55.023 49.879 74.838 44.551 146 30.383 56.221 56.119 57.127
1601 74.108 60.895 51.844 75.451 46.416 150.929 30.523 56.729 58.033 59.66
1651 79.556 66.02 56.289 75.816 51.128 156.782 30.659 58.647 60.247 60.691
1701 85.351 69.966 60.151 76.524 56.87 161.994 33.764 60.019 61.873 60.864
1751 89.944 74.33 60.67 78.351 62.353 165.959 33.834 61.479 62.607 61.709
1801 93.836 79.929 61.562 77.743 66.456 170.274 35.361 61.822 65.289 63.533
1851 98.675 85.62 62.567 80.339 70.589 175.807 36.032 62.956 67.244 63.237
1901 104.51 90.026 62.51 80.747 75.9 181.551 37.08 63.098 67.888 63.277
1951 109.809 93.967 67.147 81.623 78.606 186.022 37.017 65.572 70.58 66.984
2001 113.822 98.993 71.211 81.812 79.554 189.942 39.918 67.097 70.595 67.053
2051 118.062 104.867 72.635 82.994 81.871 194.897 41.179 67.876 72.056 67.318
2101 123.53 109.963 73.598 82.939 83.854 200.755 42.224 68.261 72.23 68.642
2151 129.315 113.9 74.692 83.66 88.459 205.939 43.113 69.139 72.187 69.042
2201 133.879 118.287 74.84 84.393 94.13 209.892 42.744 70.139 72.505 74.08
2251 137.776 123.904 78.146 86.858 99.019 214.229 45.723 71.871 75.115 78.803
2301 142.642 129.579 78.889 87.632 100.502 219.782 47.374 73.838 75.116 80.65
2351 148.484 133.96 80.032 87.847 101.114 225.512 49.604 74.202 73.228 84.348
2401 153.756 137.911 80.23 88.693 106.872 229.955 48.909 74.786 74.49 88.214
2451 157.755 142.963 80.629 88.998 112.338 233.885 52.042 75.331 77.343 93.057
2501 162.015 148.838 81.19 90.637 116.385 238.865 53.681 77.136 78.262 98.89
2551 167.505 153.906 81.181 90.128 118.358 244.728 55.521 78.05 79.085 104.19
2601 173.277 157.833 84.027 91.446 119.643 249.884 60.34 80.245 81.159 108.194
2651 177.814 162.245 84.503 92.286 123.875 253.825 64.448 80.435 82.656 112.443
2701 181.717 167.88 85.445 93.504 127.741 258.186 68.577 80.804 84.554 117.914
2751 186.609 173.538 86.521 94.242 132.481 263.758 73.922 82.092 86.547 123.697
2801 192.458 177.893 86.679 94.614 138.335 269.472 79.759 82.016 86.123 128.253
2851 197.703 181.855 88.169 95.335 141.806 273.889 84.486 84.27 88.652 132.151
2901 201.688 186.933 88.087 97.159 143.869 277.828 88.363 85.014 91.271 137.026
2951 205.97 192.809 91.054 96.569 145.92 282.834 93.081 86.446 92.872 142.867
3001 211.48 197.849 92.826 97.366 150.863 288.7 98.875 87.223 95.407 148.125
3051 217.24 201.767 92.918 99.23 156.684 293.827 104.291 87.265 97.006 152.07
3101 221.748 206.203 94.139 99.077 161.664 297.759 108.381 88.05 98.218 156.399
3151 225.658 211.856 96.954 100.202 163.108 302.142 112.528 90.683 99.258 161.943
3201 230.577 217.495 99.132 100.736 164.296 307.733 117.896 91.415 104.966 167.679
3251 236.431 221.826 99.628 101.47 167.419 313.432 123.725 92.789 109.011 172.138
3301 241.649 225.799 102.552 101.579 171.307 317.822 128.422 93.073 113.203 176.062
3351 245.621 230.904 103.586 102.838 176.075 321.771 132.301 93.414 118.375 181.029
3401 249.925 236.78 105.897 102.97 181.836 326.804 137.046 94.032 124.198 186.89
3451 255.456 241.791 110.646 103.625 187.037 332.672 142.85 95.707 127.753 192.06
3501 261.201 245.702 114.635 105.434 188.082 337.771 148.241 96.003 128.753 196.008
3551 265.682 250.162 118.904 105.865 189.182 341.693 152.313 97.372 129.985 200.355
3601 269.599 255.832 124.379 106.623 189.168 346.1 156.479 98.795 130.64 205.919
3651 274.545 261.452 130.167 107.426 194.838 351.709 161.87 99.13 133.331 211.64
3701 280.404 265.759 134.676 107.944 200.442 357.391 167.691 100.345 135.722 216.071
3751 285.594 269.744 138.588 109.573 204.595 361.755 172.359 100.316 136.876 220.005
3801 289.554 274.875 143.509 109.222 208.688 365.715 176.24 99.807 142.474 224.998
3851 293.88 280.75 149.357 109.782 212.024 370.774 181.011 102.548 146.915 230.863
3901 299.431 285.732 154.583 111.502 213.303 376.644 186.825 101.994 148.023 236.004
3951 305.162 289.636 158.546 111.862 215.38 381.713 192.19 103.634 149.819 239.942
