1 2.774 3.156 1.234 -2.322 0.756 3.802 -1.437 -2.785 0.964 -1.743
51 4.052 4.221 3.634 -2.918 4.1 5.416 3.566 0.275 5.069 -0.819
101 5.867 4.384 4.505 -1.094 4.14 5.952 9.437 2.039 5.729 0.171
151 10.509 4.747 4.928 0.027 10.004 6.158 14.543 1.69 8.413 5.335
201 12.939 6.956 7.296 0.155 15.193 7.025 18.465 3.105 9.908 8.862
251 13.038 5.991 6.788 0.916 19.16 7.36 22.87 5.944 10.787 9.587
301 14.668 5.872 8.964 0.795 23.477 7.641 28.473 6.197 10.926 10.349
351 15.436 9.875 10.081 0.901 29.031 9.028 34.161 7.069 10.943 11.464
401 15.827 10.256 10.337 1.666 34.76 8.963 38.527 8.061 12.719 11.675
451 18.054 10.627 11.416 3.954 39.22 11.511 42.487 8.378 13.764 13.522
501 18.998 11.712 13.136 4.014 43.143 11.874 47.54 11.943 15.915 15.401
551 19.619 11.656 12.638 4.124 48.111 12.649 53.409 15.869 16.502 16.415
601 20.471 13.032 15.663 6.457 53.977 12.76 58.486 18.924 17.461 17.184
651 21.544 15.123 16.041 6.961 59.138 13.268 62.399 19.339 20.725 17.273
701 21.67 15.987 16.762 7.167 63.093 14.291 66.828 19.819 22.658 18.449
751 23.001 17.419 16.593 8.639 67.433 14.428 72.448 20.138 24.038 18.413
801 23.837 17.595 18.724 10.862 73.007 16.895 78.119 21.193 29.277 18.668
851 26.303 22.249 19.056 11.638 78.72 17.364 82.46 21.13 29.503 21.84
901 27.018 26.172 18.145 13.281 83.154 18.612 86.431 25.528 35.223 22.501
951 27.689 27.977 21.536 13.339 87.086 18.876 91.51 29.482 39.711 23.368
1001 29.035 29.974 21.999 14.177 92.08 19.892 97.381 33.804 43.627 23.752
1051 30.24 32.032 22.556 17.423 97.949 19.739 99.44 39.314 48.564 24.763
1101 32.377 36.541 23.52 18.354 103.082 20.074 98.196 45.075 54.417 24.759
1151 32.727 42.201 23.744 19.972 107.026 21.623 101.389 49.549 59.623 26.659
1201 33.326 47.827 26.181 20.294 111.39 22.288 105.422 53.471 63.581 28.074
1251 34.103 52.086 26.883 23.954 116.982 23.891 110.56 58.417 67.905 29.031
1301 34.287 56.103 28.42 27.847 122.68 24.814 116.421 64.263 73.443 29.727
1351 37.078 61.267 28.883 32.697 127.088 25.346 121.407 69.473 79.184 30.74
1401 37.616 67.136 29.093 38.52 131.029 25.675 125.269 73.415 83.645 30.6
1451 39.802 72.077 30.217 43.83 136.05 26.499 129.825 77.76 87.569 31.055
1501 39.789 75.957 32.495 47.792 141.921 26.257 135.468 83.289 92.532 31.584
1551 41.919 80.505 32.866 52.085 147.025 28.814 141.106 89.037 98.39 33.439
1601 42.675 86.195 35.129 57.591 150.96 28.004 145.318 93.482 103.567 35.335
1651 44.546 91.784 35.349 63.354 155.347 29.586 147.079 97.414 107.514 35.965
1701 44.92 96.006 35.734 67.85 160.958 31.011 148.488 102.385 111.861 37.058
1751 45.82 100.045 38.674 71.764 166.639 31.742 154.023 108.237 117.418 36.902
1801 47.378 105.238 38.631 76.692 171.021 31.842 159.766 113.416 123.145 37.643
1851 46.041 111.106 39.576 82.541 174.972 32.59 164.122 117.345 127.578 39.024
1901 46.746 116.017 40.884 87.761 180.019 32.941 168.097 121.716 131.512 41.528
1951 50.416 119.893 41.05 91.718 185.893 34.425 173.278 127.268 136.501 42.162
2001 50.727 124.466 41.833 96.04 190.969 34.895 179.174 132.999 142.363 43.252
2051 51.34 130.171 42.225 101.566 194.894 36.39 183.943 137.412 147.512 43.235
2101 52.469 135.739 44.632 107.316 199.305 37.451 187.81 141.355 151.448 43.941
2151 52.64 139.938 43.311 111.783 204.934 37.665 192.515 146.356 155.818 46.345
2201 53.006 143.993 46.365 115.706 210.597 37.889 198.264 152.212 161.393 46.89
2251 58.922 149.21 46.775 120.66 214.954 38.98 200.929 157.36 167.105 48.531
2301 63.464 155.075 47.567 126.514 218.916 38.67 203.493 161.279 171.511 49.368
2351 67.387 159.955 48.368 131.705 223.99 40.96 204.762 165.673 175.455 50.335
2401 68.731 163.83 50.149 135.652 229.864 40.09 210.364 171.243 180.47 51.35
2451 69.416 168.428 50.6 139.996 234.911 42.865 215.045 176.959 186.335 53.175
2501 70.856 174.146 52.471 145.541 238.828 43.531 218.919 181.345 191.455 54.883
2551 71.285 179.693 53.252 151.277 243.263 44.094 223.702 185.299 195.381 55.752
2601 71.903 183.87 53.969 155.717 248.909 44.934 229.53 190.325 199.775 56.192
2651 74.374 187.941 54.629 159.648 254.555 45.16 233.004 196.185 205.369 58.761
2701 75.815 193.182 56.553 164.629 258.887 47.274 234.894 201.303 211.065 58.988
2751 76.417 199.044 57.542 170.487 262.86 47.393 236.064 205.213 215.444 61.062
2801 77.559 203.894 58.108 175.65 267.96 48.966 241.681 209.63 219.398 61.943
2851 77.679 207.766 59.836 179.585 273.835 49.959 247.332 215.218 224.439 61.842
2901 79.487 212.389 60.519 183.952 278.853 50.541 251.292 220.919 230.307 62.422
2951 80.886 218.122 61.472 189.516 282.762 50.581 254.161 225.277 235.398 65.159
3001 82.913 223.647 61.263 195.237 287.222 50.917 257.921 229.243 239.315 65.685
3051 83.879 227.802 63.795 199.65 292.885 52.753 261.996 234.294 243.732 67.363
3101 84.66 231.89 63.17 203.592 298.512 53.38 267.163 240.157 249.345 68.183
3151 87.672 237.155 65.812 208.597 302.82 54.127 271.534 245.245 255.023 68.597
3201 87.997 243.013 65.573 214.46 306.805 55.845 273.056 249.147 259.377 69.348
3251 88.807 247.832 66.905 219.593 311.931 56.373 272.746 253.588 263.343 70.749
3301 90.02 251.703 67.295 223.519 317.806 57.233 275.02 259.194 268.409 72.382
3351 90.197 256.352 67.115 227.909 322.794 57.484 279.446 264.878 274.279 73.901
3401 90.35 262.097 69.85 233.492 326.697 57.767 284.505 269.21 279.34 74.483
3451 92.449 267.599 69.409 239.197 331.181 59.605 288.365 273.188 283.249 75.151
3501 94.458 271.734 71.249 243.583 336.861 59.317 290.611 278.264 287.691 76.853
3551 94.819 275.839 72.203 247.535 342.469 61.751 291.866 284.129 293.32 75.826
3601 95.392 281.128 73.279 252.567 346.752 62.758 294.472 289.187 298.982 79.134
3651 96.357 286.981 73.521 258.432 350.751 63.302 298.819 293.082 303.31 79.506
3701 96.637 291.769 75.948 263.536 355.903 63.562 304.151 297.546 307.287 80.007
3751 97.81 295.641 75.459 267.453 361.776 63.985 309.337 303.169 312.379 81.136
3801 98.834 300.315 77.855 271.866 366.735 66.528 310.52 308.836 318.25 80.734
3851 99.874 306.073 78.702 277.467 370.632 66.194 311.19 313.142 323.282 81.836
3901 101.235 311.552 79.671 283.156 375.141 68.613 314.447 317.133 327.184 83.664
3951 101.804 315.666 82.241 287.516 380.837 69.176 318.642 322.234 331.649 83.975
