1 425 28 2.082 527 477 2.262 988 449 -0.706 405 26 -1.17 1095 370 2.148 292 458 -0.852 56 72 2.592 44 109 -2.097 100 10 0.167 664 130 -2.206
51 405 20 6.966 461 430 3.39 1082 469 1.211 428 53 3.713 1051 321 4.462 320 510 2.252 49 26 7.081 91 112 1.402 80 43 5.05 707 121 1.491
101 475 108 7.303 442 356 5.704 1059 571 2.735 438 43 8.596 972 274 4.404 239 514 4.566 19 53 11.767 114 233 1.344 146 64 7.76 661 199 4.596
151 535 215 7.641 499 267 6.634 945 589 3.665 423 25 13.48 1015 195 4.939 212 406 3.322 99 75 13.685 122 357 1.879 109 101 11.655 711 119 5.526
201 480 267 11.141 591 335 6.972 886 501 4.002 402 37 18.364 1042 86 5.672 211 335 6.032 65 61 18.569 51 417 4.39 146 43 10.411 803 42 5.666
251 520 171 11.676 684 417 6.914 823 402 4.735 456 91 20.283 1140 20 6.207 316 330 7.753 69 85 23.453 17 319 4.728 194 42 12.923 914 21 6.596
301 596 78 11.618 771 503 8.042 872 333 6.654 478 214 20.422 1163 66 8.126 294 440 9.276 93 86 28.337 57 212 5.46 288 113 14.446 944 118 7.922
351 679 32 14.525 703 587 9.17 988 372 6.596 439 328 21.353 1162 184 7.079 261 374 11.392 99 61 32.43 131 210 7.774 267 106 19.33 929 242 8.061
401 658 21 19.408 583 589 9.309 1109 398 6.933 336 370 23.074 1153 258 9.986 311 364 15.683 141 170 33.36 138 332 8.112 286 196 21.249 870 341 9.98
451 643 39 24.292 462 573 10.042 1127 491 9.247 278 276 24.597 1042 268 10.324 314 340 20.567 94 172 37.058 80 428 10.228 242 177 24.353 816 259 11.108
501 659 58 29.176 396 494 11.763 1010 521 9.189 376 224 24.737 1026 168 11.056 290 333 25.451 182 133 39.57 64 333 9.972 323 91 24.295 782 151 10.062
551 681 46 33.467 472 404 11.705 920 493 11.108 480 204 26.655 967 76 11.196 280 355 30.334 161 123 44.453 70 236 11.891 410 21 26.214 705 57 10.597
601 630 153 33.606 557 322 12.042 869 408 10.654 457 314 27.388 1028 18 12.917 300 369 35.218 164 207 46.767 144 251 14.007 380 109 27.54 763 31 12.515
651 537 230 34.734 655 319 13.566 835 327 12.968 359 356 29.504 1141 54 12.859 317 352 40.102 131 162 49.477 129 368 15.531 278 177 28.272 882 29 12.457
701 474 152 36.455 729 418 13.508 944 365 12.91 348 254 30.632 1165 123 14.382 303 332 44.986 208 135 52.977 108 309 18.042 186 143 30.586 943 86 14.376
751 445 45 36.595 772 530 14.833 1063 401 12.852 426 165 31.563 1156 241 15.51 281 342 49.87 223 104 57.861 181 216 18.973 197 55 29.145 923 208 14.318
801 527 35 38.316 684 515 15.961 1145 466 15.364 509 231 32.295 1106 181 15.848 287 366 54.753 199 108 62.745 180 239 23.856 243 26 31.459 884 324 15.05
851 600 130 38.851 569 473 16.299 1041 499 15.899 561 337 33.621 1015 131 16.383 312 363 59.637 198 132 67.628 202 249 28.74 363 36 31.401 797 299 17.562
901 662 238 38.793 558 382 18.02 954 451 15.841 490 319 35.342 956 29 17.906 313 339 64.521 222 137 72.512 216 229 33.624 445 81 33.517 821 189 17.504
951 646 334 41.502 635 296 19.543 868 395 15.98 431 228 37.063 1051 43 19.034 290 333 69.405 231 114 77.396 198 212 38.508 384 184 33.657 870 82 18.039
1001 546 276 41.642 714 377 19.88 883 345 18.888 513 260 38.586 1158 41 18.976 280 356 74.289 210 102 82.28 179 227 43.392 285 256 34.587 958 39 20.551
1051 474 201 41.979 775 485 20.415 1003 327 19.027 567 358 39.121 1159 122 20.302 300 369 79.172 194 120 87.164 175 219 48.275 217 224 35.517 953 156 20.493
1101 462 104 43.305 713 525 22.532 1112 374 19.76 526 392 43.017 1184 235 21.627 317 351 84.056 221 154 90.861 196 209 53.159 220 117 37.041 942 280 20.632
1151 474 10 44.038 598 480 22.671 1119 459 22.667 596 314 44.935 1117 190 21.569 302 332 88.94 179 94 93.373 193 185 58.043 270 16 37.773 871 356 23.144
1201 584 41 44.177 603 386 24.195 1014 454 22.411 577 326 49.819 1033 153 22.499 281 343 93.824 235 83 97.268 169 184 62.927 360 66 39.099 840 260 24.074
1251 702 59 44.712 676 295 25.323 926 408 21.958 584 348 54.703 976 49 23.627 288 366 98.708 235 59 102.152 164 208 67.811 320 149 41.215 895 159 22.83
1301 736 165 45.643 749 369 26.253 909 339 24.272 608 345 59.587 1047 38 25.151 312 363 103.591 211 55 107.036 186 217 72.694 239 72 41.948 899 74 24.749
1351 707 282 46.375 790 485 26.788 1015 331 25.4 609 321 64.471 1155 26 25.093 313 339 108.475 166 61 111.92 199 197 77.578 216 9 43.867 972 119 26.47
1401 610 319 48.294 733 519 29.893 1120 383 26.528 585 316 69.354 1165 104 26.418 289 334 113.359 186 72 116.804 181 180 82.462 325 26 43.809 997 241 26.61
1451 548 255 48.038 719 405 28.451 1063 439 29.04 548 337 74.238 1189 203 25.965 280 356 118.243 202 54 121.687 162 195 87.346 444 21 44.541 955 309 29.714
1501 487 157 49.364 659 342 30.963 958 418 29.97 569 350 79.122 1145 265 28.872 301 369 123.127 186 35 126.571 174 217 92.23 444 112 46.262 896 215 28.668
1551 494 55 47.725 755 324 32.486 985 313 30.702 584 331 84.006 1033 276 28.419 317 351 128.01 165 48 131.455 197 209 97.113 343 162 48.379 788 157 29.203
1601 517 29 50.236 746 414 35.591 1073 347 31.83 569 313 88.89 950 276 30.14 302 332 132.894 174 70 136.339 193 185 101.997 351 62 49.507 755 54 31.122
1651 635 19 50.376 759 321 37.509 1106 422 35.331 548 325 93.773 1004 184 30.279 281 343 137.778 198 66 141.223 169 185 106.881 452 18 51.03 865 21 31.459
1701 741 45 51.899 766 345 42.393 1007 402 35.668 556 348 98.657 972 87 29.826 288 366 142.662 197 41 146.106 164 208 111.765 437 38 55.914 957 64 32.982
1751 746 166 51.841 790 348 47.277 989 298 37.191 580 343 103.541 973 11 31.745 312 363 147.546 173 38 150.99 187 217 116.649 449 60 60.798 959 157 32.727
1801 707 281 52.771 797 324 52.161 1085 322 38.517 580 319 108.425 1078 48 31.687 313 338 152.429 166 61 155.874 199 196 121.532 471 52 65.681 954 273 33.657
1851 604 300 54.493 775 314 57.044 1085 386 42.017 556 315 113.309 1173 45 32.222 289 334 157.313 187 72 160.758 181 180 126.416 467 28 70.565 857 340 34.983
1901 565 193 54.237 749 336 61.928 1074 287 44.331 548 338 118.192 1163 142 32.757 280 357 162.197 202 53 165.642 162 196 131.3 443 28 75.449 763 287 36.308
1951 520 95 54.574 766 354 66.812 1064 307 49.215 569 350 123.076 1189 248 32.699 301 369 167.081 185 35 170.525 174 217 136.184 439 51 80.333 798 186 36.053
2001 527 10 56.888 786 340 71.696 1084 322 54.099 584 331 127.96 1111 289 34.024 317 350 171.964 165 48 175.409 197 209 141.068 444 56 85.217 773 75 35.599
2051 630 60 56.83 775 318 76.58 1075 312 58.982 568 313 132.844 1025 314 34.955 301 332 176.848 174 71 180.293 192 185 145.951 454 35 90.1 814 17 37.913
2101 731 114 58.156 752 324 81.463 1061 291 63.866 548 325 137.728 990 230 36.478 280 344 181.732 198 65 185.177 168 185 150.835 435 20 94.984 924 60 38.251
2151 730 234 58.691 754 348 86.347 1039 301 68.75 557 348 142.611 977 151 36.618 289 367 186.616 197 41 190.061 164 209 155.719 417 35 99.868 958 134 39.181
2201 646 298 61.005 779 350 91.231 1044 325 73.634 580 343 147.495 1007 71 35.966 313 362 191.5 173 38 194.944 187 217 160.603 429 56 104.752 960 245 39.914
2251 579 204 60.354 784 327 96.115 1069 323 78.518 580 319 152.379 1075 20 37.688 312 338 196.383 166 61 199.828 199 196 165.487 452 47 109.636 866 303 41.635
2301 530 103 61.679 762 317 100.999 1071 299 83.401 556 315 157.263 1186 16 38.816 288 334 201.267 187 72 204.712 180 180 170.37 447 24 114.519 796 218 42.565
2351 596 16 63.005 749 337 105.882 1048 292 88.285 548 338 162.147 1164 121 39.153 281 357 206.151 202 53 209.596 162 196 175.254 423 24 119.403 750 121 43.495
2401 706 54 63.54 766 354 110.766 1037 314 93.169 570 350 167.03 1188 233 38.699 302 369 211.035 185 35 214.479 175 217 180.138 419 48 124.287 847 91 44.03
2451 744 158 64.47 786 339 115.65 1057 328 98.053 584 330 171.914 1144 300 41.804 317 350 215.919 165 49 219.363 197 208 185.022 442 56 129.171 963 85 44.961
2501 714 273 65.598 775 318 120.534 1051 324 102.937 568 313 176.798 1066 285 40.758 301 332 220.802 175 71 224.247 192 184 189.905 454 34 134.055 985 192 45.693
2551 626 231 66.529 752 325 125.418 1032 307 107.82 548 326 181.682 1040 218 42.479 280 344 225.686 198 65 229.131 168 185 194.789 435 20 138.938 915 270 47.612
2601 587 139 67.459 755 349 130.301 1010 318 112.704 557 348 186.566 981 146 43.014 289 367 230.57 196 41 234.015 165 209 199.673 417 36 143.822 817 204 48.74
2651 563 29 68.587 779 350 135.185 1016 341 117.588 581 342 191.449 963 46 43.153 313 362 235.454 172 38 238.898 188 217 204.557 430 56 148.706 879 123 49.67
2701 661 33 69.517 784 326 140.069 1040 339 122.472 579 318 196.333 1054 37 43.886 312 338 240.338 166 62 243.782 199 195 209.441 452 47 153.59 978 66 51.391
2751 742 108 70.645 762 317 144.953 1042 314 127.356 555 316 201.217 1159 20 44.421 288 334 245.221 188 72 248.666 180 180 214.324 447 23 158.474 991 173 51.926
2801 743 230 71.18 749 338 149.837 1019 309 132.239 548 339 206.101 1171 118 45.747 281 358 250.105 202 52 253.55 162 197 219.208 423 25 163.357 936 262 54.043
2851 665 262 73.494 767 354 154.72 1009 331 137.123 570 349 210.985 1186 226 44.898 302 369 254.989 184 35 258.434 175 217 224.092 420 49 168.241 829 207 53.985
2901 595 169 74.425 786 339 159.604 1029 344 142.007 584 330 215.868 1171 327 47.607 317 349 259.873 165 49 263.317 197 208 228.976 443 56 173.125 763 112 55.903
2951 598 70 73.971 774 318 164.488 1046 326 146.891 567 313 220.752 1122 246 46.956 300 332 264.757 175 71 268.201 192 184 233.86 454 34 178.009 855 46 56.043
3001 672 20 75.692 752 325 169.372 1031 307 151.775 548 326 225.636 1041 231 48.48 280 345 269.64 199 64 273.085 167 186 238.743 434 20 182.892 961 31 58.159
3051 749 91 76.82 755 349 174.256 1009 318 156.658 558 348 230.52 977 166 49.608 290 367 274.524 196 40 277.969 165 210 243.627 417 36 187.776 977 140 58.101
3101 756 214 77.553 779 350 179.139 1017 341 161.542 581 342 235.404 1015 108 47.177 313 361 279.408 172 39 282.853 188 216 248.511 430 56 192.66 970 226 58.636
3151 674 250 79.669 784 326 184.023 1041 338 166.426 579 318 240.287 982 12 49.689 312 337 284.292 166 62 287.736 199 195 253.395 452 46 197.544 900 221 60.555
3201 640 154 80.995 761 317 188.907 1042 314 171.31 555 316 245.171 1084 20 50.224 287 335 289.176 189 72 292.62 179 180 258.279 446 23 202.428 803 147 60.694
3251 640 55 80.146 749 338 193.791 1018 309 176.193 549 339 250.055 1191 23 51.945 281 358 294.059 202 52 297.504 162 197 263.162 422 25 207.311 774 44 62.415
3301 713 21 82.263 767 354 198.675 1009 331 181.077 571 349 254.939 1182 130 51.689 303 368 298.943 184 35 302.388 176 217 268.046 420 49 212.195 883 25 63.148
3351 745 125 83.391 786 338 203.558 1029 344 185.961 584 329 259.822 1190 224 50.841 317 349 303.827 165 50 307.272 198 207 272.93 443 55 217.079 974 83 64.474
3401 746 247 83.53 774 317 208.442 1064 304 188.67 567 312 264.706 1173 307 53.748 300 332 308.711 176 71 312.155 191 184 277.814 454 33 221.963 978 206 64.613
3451 690 250 86.042 751 326 213.326 1185 329 189.403 547 327 269.59 1101 248 52.504 280 345 313.595 199 64 317.039 167 186 282.698 434 20 226.847 915 232 67.125
3501 680 156 86.775 756 349 218.21 1139 382 192.706 558 348 274.474 1036 236 55.213 290 367 318.478 196 40 321.923 165 210 287.581 417 37 231.73 826 154 66.672
3551 688 61 87.507 780 349 223.093 1103 284 194.822 581 341 279.358 989 153 55.55 314 361 323.362 171 39 326.807 189 216 292.465 431 57 236.614 760 53 67.997
3601 759 98 89.426 784 325 227.977 1099 306 199.706 578 317 284.241 992 56 54.504 311 337 328.246 167 63 331.691 199 194 297.349 453 46 241.498 846 29 69.718
3651 769 219 89.763 761 317 232.861 1122 314 204.589 554 316 289.125 1044 23 56.423 287 335 333.13 189 72 336.574 178 181 302.233 446 23 246.382 942 99 70.253
3701 706 268 93.263 749 339 237.745 1134 293 209.473 549 340 294.009 1154 13 56.365 281 359 338.014 202 51 341.458 162 198 307.117 422 25 251.266 980 214 70.986
3751 693 175 91.822 768 354 242.629 1115 278 214.357 571 349 298.893 1176 82 57.888 303 368 342.897 183 35 346.342 176 217 312 420 50 256.149 901 297 72.114
3801 727 127 95.519 786 338 247.512 1097 294 219.241 584 329 303.777 1189 189 57.237 317 348 347.781 165 50 351.226 198 207 316.884 444 55 261.033 787 272 73.044
3851 703 129 100.403 773 317 252.396 1108 315 224.125 566 312 308.66 1190 264 57.377 299 332 352.665 176 71 356.11 191 183 321.768 453 33 265.917 711 187 74.765
3901 694 128 105.287 751 326 257.28 1157 292 226.834 547 327 313.544 1150 328 60.877 280 346 357.549 199 63 360.993 167 186 326.652 433 20 270.801 788 125 73.917
3951 718 131 110.171 756 350 262.164 1186 374 227.962 559 349 318.428 1069 286 59.633 291 368 362.432 195 40 365.877 166 211 331.536 417 37 275.685 758 26 75.045
