1 402 550 -3.066 310 461 -1.175 41 577 1.325 706 450 -0.104 1145 240 -1.987 272 482 1.22 983 454 -1.115 337 437 -1.125 722 346 -1.084 471 589 -1.713
51 418 483 0.631 337 488 3.708 31 543 6.011 693 511 2.011 1184 239 2.896 221 478 4.523 1078 431 0.209 408 365 0.002 730 244 -1.34 508 584 3.169
101 404 500 5.515 353 469 8.592 137 541 8.128 640 578 4.721 1079 223 3.233 175 364 4.069 1174 492 1.535 410 391 3.898 793 165 1.368 467 490 4.693
151 418 519 10.399 337 451 13.476 71 536 10.244 661 470 5.058 982 265 1.989 87 317 1.244 1170 581 3.454 311 328 3.642 762 257 0.915 472 366 5.228
201 440 508 15.283 316 463 18.359 18 442 11.372 706 354 5 924 269 4.896 31 338 4.546 1056 553 2.605 208 270 4.572 779 332 3.427 553 348 7.344
251 433 485 20.166 325 486 23.243 70 423 15.465 767 282 6.721 954 151 5.234 23 222 4.686 950 568 3.535 184 151 4.514 677 314 2.973 605 459 7.681
301 409 488 25.05 348 481 28.127 67 399 20.349 839 360 6.663 1031 58 6.164 18 121 6.209 877 487 4.663 182 33 6.235 570 268 3.508 607 578 9.402
351 408 513 29.934 348 457 33.011 43 397 25.233 935 409 8.779 1086 130 8.478 119 147 6.942 884 366 5 297 29 6.177 476 219 4.834 506 549 10.135
401 409 398 29.876 324 453 37.895 37 421 30.117 859 486 7.14 1012 219 8.618 189 234 7.279 955 307 7.512 416 52 6.91 515 107 5.764 482 449 11.461
451 415 274 29.818 316 476 42.778 60 430 35 849 562 9.849 927 302 9.746 140 290 9 1011 414 7.454 431 143 8.631 627 80 6.892 548 346 11.798
501 474 215 32.923 338 488 47.662 73 410 39.884 753 498 10.384 933 280 14.629 100 380 9.733 1042 530 8.977 355 235 8.375 716 163 7.23 650 304 14.112
551 521 322 33.458 353 469 52.546 55 393 44.768 722 385 11.315 913 266 19.513 52 301 10.861 938 567 9.512 277 241 10.689 759 265 8.951 612 399 15.042
601 448 403 33.004 336 451 57.43 36 408 49.652 788 284 12.047 896 283 24.397 45 182 10.012 902 483 11.233 225 130 10.433 659 302 10.276 512 460 15.182
651 478 489 34.528 316 464 62.314 47 430 54.536 902 265 13.373 910 303 29.281 46 118 13.71 963 382 12.757 203 24 12.945 571 220 10.614 455 543 15.915
701 429 429 35.656 402 421 63.244 70 422 59.419 948 370 14.699 931 292 34.165 114 199 11.873 966 450 14.082 226 108 14.666 551 105 12.335 446 467 17.833
751 383 338 35.202 424 496 64.57 67 398 64.303 931 479 14.641 925 269 39.048 169 240 13.792 971 539 16.001 198 98 19.55 655 121 13.463 513 362 17.973
801 274 305 34.946 380 580 66.488 42 398 69.187 922 580 15.571 901 271 43.932 133 322 16.106 961 501 20.292 180 114 24.434 714 220 15.184 602 278 18.706
851 279 228 37.063 282 517 66.628 38 421 74.071 822 560 15.513 899 296 48.816 85 233 16.838 936 501 25.176 193 135 29.318 660 297 16.509 657 337 21.217
901 383 165 37.796 202 437 67.954 75 319 75.199 715 563 17.234 923 301 53.7 25 137 18.362 932 525 30.06 216 125 34.201 589 210 16.649 564 404 21.357
951 468 232 38.924 231 319 68.093 183 335 76.327 704 445 17.176 932 279 58.584 110 159 18.106 955 533 34.943 210 102 39.085 535 101 17.579 459 463 22.09
1001 432 326 38.668 325 281 69.617 183 441 78.048 705 321 17.513 912 266 63.467 184 134 19.234 967 512 39.827 216 112 43.969 589 80 20.684 465 414 24.997
1051 381 387 41.97 412 365 70.349 88 416 79.176 786 240 18.641 896 283 68.351 218 200 21.746 948 497 44.711 217 137 48.853 629 179 19.835 587 404 25.334
1101 375 279 42.901 435 485 71.082 16 339 80.699 884 279 20.165 910 303 73.235 156 272 20.502 930 513 49.595 241 144 53.737 614 261 22.545 686 468 26.462
1151 462 197 43.831 344 509 72.21 88 287 82.222 910 359 20.107 959 306 78.119 117 281 22.816 943 533 54.479 251 122 58.62 548 172 23.08 695 588 27.985
1201 563 227 45.354 262 562 72.745 92 348 85.327 906 466 19.456 953 283 83.002 49 271 20.188 965 524 59.362 231 108 63.504 548 64 25.394 588 555 28.323
1251 550 319 46.878 211 482 74.268 16 357 86.653 895 527 20.781 929 286 87.886 19 283 23.688 966 533 64.246 214 125 68.388 577 143 25.731 469 555 28.858
1301 435 349 46.819 246 364 74.012 72 292 88.374 808 581 22.107 927 310 92.77 11 172 23.235 942 535 69.13 301 54 68.923 601 216 28.836 479 532 33.741
1351 335 339 48.343 302 284 75.931 182 345 88.909 726 521 23.433 951 316 97.654 90 123 25.746 938 559 74.014 422 45 69.458 615 196 33.72 463 505 37.242
1401 350 254 49.273 385 340 76.466 216 454 90.037 713 398 23.572 960 293 102.538 168 196 27.072 961 567 78.898 530 104 69.993 599 177 38.603 574 454 37.579
1451 420 151 49.61 436 453 76.803 144 520 91.956 724 278 24.7 940 280 107.421 181 299 27.607 973 545 83.781 520 152 74.284 578 190 43.487 693 463 38.707
1501 519 157 51.331 429 573 78.327 52 451 91.107 837 257 25.828 924 298 112.305 108 267 28.933 953 531 88.665 540 166 79.167 587 213 48.371 710 573 40.428
1551 555 228 52.855 324 561 78.862 35 381 92.828 896 357 26.956 939 317 117.189 29 287 28.479 936 547 93.549 587 159 84.051 611 208 53.255 620 545 41.754
1601 462 295 52.797 214 515 79.99 47 273 94.154 875 469 27.689 960 306 122.073 54 213 30.2 949 567 98.433 572 140 88.935 610 184 58.139 572 438 42.684
1651 421 379 52.146 254 416 80.722 159 279 95.084 851 567 28.026 952 283 126.957 26 112 31.13 971 558 103.316 551 151 93.819 586 180 63.022 635 414 46.579
1701 368 364 54.657 347 345 82.246 217 385 95.817 748 558 29.747 928 287 131.84 125 118 32.258 965 534 108.2 558 174 98.703 579 203 67.906 536 452 46.917
1751 390 267 55.192 384 408 83.176 197 504 96.549 728 440 29.689 928 311 136.724 181 214 32.991 941 536 113.084 582 171 103.586 600 214 72.79 451 433 49.824
1801 446 161 56.32 336 487 85.095 103 489 98.073 722 315 30.026 952 315 141.608 139 305 35.503 939 560 117.968 583 147 108.47 615 195 77.674 557 391 50.161
1851 491 221 58.634 233 438 86.42 16 414 99.398 804 269 32.143 960 293 146.492 51 232 34.061 962 567 122.852 559 142 113.354 598 177 82.558 677 409 51.091
1901 457 332 58.774 291 350 87.548 38 301 99.34 865 370 32.678 939 280 151.376 17 226 37.364 972 545 127.735 550 164 118.238 578 190 87.441 721 518 51.626
1951 377 366 61.286 408 348 88.874 132 272 100.666 816 461 32.62 924 299 156.259 86 156 35.724 953 531 132.619 571 177 123.122 587 213 92.325 652 571 53.545
2001 385 247 61.821 447 457 89.409 230 336 101.794 811 543 34.143 939 317 161.143 122 129 39.62 936 548 137.503 587 159 128.005 611 207 97.209 533 561 53.487
2051 439 248 64.728 375 497 91.525 237 456 102.526 726 573 36.062 960 305 166.027 144 217 37.782 949 567 142.387 572 140 132.889 610 183 102.093 480 510 55.999
2101 458 347 66.054 259 483 91.072 146 470 104.247 720 455 36.201 952 283 170.911 160 290 40.492 971 557 147.271 550 152 137.773 586 180 106.976 588 454 56.336
2151 354 326 66.588 230 420 93.386 40 420 103.992 723 330 36.341 928 287 175.795 60 260 41.422 965 534 152.154 558 175 142.657 579 204 111.86 700 472 58.255
2201 282 248 68.31 322 342 94.119 26 322 105.12 785 279 39.248 928 311 180.678 36 195 42.155 941 536 157.038 582 171 147.541 601 214 116.744 676 572 59.778
2251 381 199 70.031 426 386 95.444 103 274 106.841 819 389 39.981 952 315 185.562 32 106 44.073 939 560 161.922 582 146 152.424 615 195 121.628 559 575 59.72
2301 405 296 71.949 470 498 96.375 212 307 108.166 773 495 39.33 960 292 190.446 128 149 44.213 962 566 166.806 559 142 157.308 598 177 126.512 468 543 62.429
2351 302 313 74.066 432 579 97.7 219 427 108.504 754 576 42.039 939 281 195.33 243 165 44.946 972 544 171.69 550 165 162.192 578 191 131.395 474 566 67.313
2401 324 321 78.949 318 580 97.445 154 501 110.62 730 470 42.376 924 299 200.214 249 255 46.667 952 531 176.573 571 177 167.076 588 213 136.279 523 482 68.243
2451 336 300 83.833 204 557 98.968 58 435 110.562 723 348 42.516 940 318 205.097 139 288 47.399 936 548 181.457 587 158 171.96 611 207 141.163 609 392 68.581
2501 317 285 88.717 230 449 99.305 28 346 111.492 779 268 45.423 960 305 209.981 37 287 46.551 950 568 186.341 571 140 176.843 609 183 146.047 709 379 71.092
2551 300 299 93.601 261 330 100.038 93 284 112.818 820 373 45.563 951 282 214.865 36 218 48.667 971 557 191.225 550 152 181.727 585 181 150.931 714 494 70.244
2601 348 309 98.485 335 325 100.771 206 295 114.144 749 441 47.284 927 287 219.749 10 142 48.214 965 534 196.109 559 175 186.611 579 204 155.814 700 581 72.953
2651 382 297 103.368 398 406 101.899 224 411 114.679 711 356 48.807 928 312 224.633 64 110 51.516 941 537 200.992 583 170 191.495 601 214 160.698 619 495 73.488
2701 378 273 108.252 401 527 103.027 205 533 115.411 768 262 51.121 952 315 229.516 154 174 50.47 939 561 205.876 582 146 196.379 615 194 165.582 624 384 75.209
2751 354 273 113.136 299 531 103.957 117 557 117.132 756 345 51.063 960 292 234.4 171 251 51.993 963 566 210.76 558 142 201.262 598 175 169.675 715 417 77.128
2801 350 297 118.02 216 476 105.678 29 478 117.47 775 455 52.784 938 281 239.284 108 283 54.307 972 544 215.644 550 165 206.146 699 222 170.803 677 503 78.651
2851 373 305 122.904 264 364 105.818 37 370 118.202 763 437 57.668 924 300 244.168 15 267 54.051 952 531 220.528 572 177 211.03 738 330 172.722 559 505 78.395
2901 385 284 127.787 360 315 107.341 93 279 119.133 740 445 62.552 940 318 249.052 13 184 53.993 935 549 225.411 587 158 215.914 739 307 177.606 467 482 80.709
2951 366 269 132.671 447 396 108.074 200 300 120.854 743 469 67.435 960 304 253.935 14 103 56.11 950 568 230.295 571 140 220.798 715 301 182.489 530 380 80.849
3001 348 285 137.555 463 518 108.806 226 420 120.993 768 469 72.319 951 282 258.819 99 121 56.249 972 556 235.179 550 153 225.681 706 324 187.373 620 296 81.384
3051 360 305 142.439 369 540 110.132 178 523 122.912 772 445 77.203 927 288 263.703 172 180 56.191 964 533 240.063 559 175 230.565 730 342 192.257 720 320 83.105
3101 383 296 147.323 252 515 110.074 82 466 123.249 749 437 82.087 929 312 268.587 197 231 59.296 940 537 244.947 583 170 235.449 734 371 197.141 742 390 83.442
3151 378 273 152.206 237 429 111.993 18 385 124.773 737 458 86.971 953 315 273.47 150 314 59.831 940 561 249.83 582 146 240.333 718 353 202.025 718 490 83.187
3201 354 274 157.09 300 323 112.725 94 300 125.505 756 473 91.854 959 291 278.354 68 272 59.18 963 566 254.714 558 143 245.216 697 364 206.908 645 528 85.105
3251 352 291 161.974 391 359 114.842 206 315 127.029 774 458 96.738 938 281 283.238 28 240 61.099 972 543 259.598 551 166 250.1 704 387 211.792 527 509 84.85
3301 376 298 166.858 346 438 116.365 226 434 127.366 762 437 101.622 924 301 288.122 10 154 60.645 951 531 264.482 572 177 254.984 728 384 216.676 492 435 86.966
3351 387 276 171.741 279 496 115.714 166 520 129.285 739 445 106.506 941 318 293.006 57 111 63.948 935 549 269.366 587 157 259.868 729 359 221.56 557 329 87.106
3401 367 261 176.625 226 456 118.028 67 460 129.424 744 469 111.39 960 304 297.889 132 108 62.704 951 568 274.249 570 140 264.752 705 355 226.444 658 269 88.827
3451 350 278 181.509 258 339 118.563 27 371 131.145 768 469 116.273 950 282 302.773 149 168 64.622 972 556 279.133 550 153 269.635 697 377 231.327 664 369 89.362
3501 376 300 186.393 349 298 119.889 112 287 131.483 772 445 121.157 927 288 307.657 209 234 64.564 964 533 284.017 560 175 274.519 717 390 236.211 676 477 90.687
3551 421 294 191.277 430 358 120.424 191 294 132.808 749 437 126.041 929 312 312.541 170 243 66.285 940 537 288.901 583 169 279.403 733 371 241.095 570 523 90.629
3601 416 270 196.16 478 470 121.156 227 404 133.541 737 458 130.925 953 314 317.425 72 264 65.436 940 562 293.784 581 145 284.287 718 353 245.979 469 529 93.141
3651 392 272 201.044 469 498 120.901 172 489 135.657 756 473 135.809 959 291 322.308 19 230 67.948 964 566 298.668 557 143 289.171 697 365 250.863 486 508 93.083
3701 383 309 204.149 437 582 122.819 68 445 134.809 774 457 140.692 937 281 327.192 11 149 66.506 972 543 303.552 551 166 294.054 705 387 255.746 540 407 93.223
3751 285 333 206.068 321 562 122.563 22 385 136.925 762 437 145.576 924 301 332.076 40 74 70.204 951 531 308.436 573 177 298.938 729 383 260.63 623 322 94.746
3801 306 342 210.951 208 540 124.285 40 273 138.251 739 446 150.46 941 318 336.96 114 145 68.367 935 550 313.32 587 157 303.822 729 359 265.514 634 405 95.083
3851 319 322 215.835 231 428 124.226 154 252 138.588 744 469 155.344 961 303 341.844 180 164 71.274 951 568 318.203 569 140 308.706 705 355 270.398 615 513 96.804
3901 305 305 220.719 269 322 125.552 212 339 139.716 768 468 160.228 950 282 346.727 169 269 72.007 972 555 323.087 550 154 313.59 697 378 275.282 513 568 97.339
3951 286 322 224.417 381 326 126.285 227 462 140.053 772 444 165.111 927 289 351.611 60 272 72.344 963 533 327.971 560 176 318.473 718 390 280.165 485 492 99.258
