1 1031 439 897 447 125 463 529 318 1075 98 426 28 88 555 1131 206 490 162 1021 143 339 244 60 136 1129 279 224 536 177 481 939 45 748 232 459 319 897 372 862 254 857 445 1011 210 80 264 939 458 1103 574
51 1031 439 845 430 125 463 529 318 1107 114 426 28 88 555 1131 206 490 162 1021 143 339 244 60 136 1129 279 224 536 177 481 939 45 748 232 459 319 898 364 862 254 810 453 1011 210 80 264 881 409 1103 574
101 1017 457 784 400 125 463 529 318 1089 123 426 28 88 555 1134 209 490 162 1021 143 339 244 60 136 1129 279 207 532 177 481 939 45 748 232 459 319 899 353 862 254 748 503 1011 210 80 264 840 391 1103 574
151 1017 458 781 397 125 463 529 318 1089 123 426 28 88 555 1128 258 490 162 1021 143 339 244 60 136 1119 297 198 530 177 481 947 67 748 232 459 319 899 353 862 254 662 566 1011 210 80 264 839 390 1073 561
201 1017 458 781 397 125 463 529 318 1081 193 426 28 88 555 1093 263 490 162 1021 143 339 244 60 136 1094 377 198 530 177 481 956 109 748 232 459 319 899 353 862 254 562 574 1011 210 80 264 839 390 1052 528
251 1017 458 781 397 125 463 529 318 1040 255 426 28 93 556 1110 288 490 162 1023 191 339 244 60 136 1052 487 198 530 177 481 966 157 748 232 459 319 899 353 862 254 446 565 1009 229 80 264 839 390 1052 527
301 1017 458 781 397 125 463 529 318 1023 299 426 28 93 556 1065 365 490 162 1000 251 339 244 60 136 1007 526 198 530 177 481 965 160 748 232 459 319 899 353 862 254 341 528 978 284 80 264 839 390 1050 577
351 1019 473 781 397 125 463 529 318 958 356 426 28 93 556 979 425 490 162 998 253 339 244 60 136 1004 510 198 530 177 481 965 160 748 232 459 319 899 353 862 254 315 508 977 287 80 264 839 390 974 541
401 1041 521 781 397 125 463 529 318 952 358 426 28 93 556 954 446 490 162 998 253 339 244 101 133 1000 525 198 530 177 481 965 160 748 232 459 319 899 353 862 254 315 508 977 287 80 264 839 390 946 514
451 943 579 781 397 125 463 529 318 952 358 426 28 95 557 954 447 490 162 998 253 339 244 164 180 943 538 198 530 177 481 965 160 748 232 459 309 899 353 862 254 315 508 977 287 80 264 839 390 920 505
501 813 579 781 397 125 463 529 318 952 358 426 28 96 557 954 447 490 162 998 253 339 244 165 182 881 525 198 530 177 481 965 160 748 232 460 308 899 353 862 254 315 508 977 287 80 264 839 390 911 494
551 689 576 781 397 125 463 529 318 952 358 426 28 96 557 954 447 490 162 998 253 339 244 165 182 879 524 198 530 177 481 965 160 748 232 460 308 899 353 862 254 315 508 977 287 80 264 839 390 911 494
601 580 536 781 397 125 463 529 318 952 358 472 91 96 557 954 447 490 162 998 253 339 244 165 182 879 524 198 530 177 481 965 160 748 232 460 308 899 353 862 254 315 508 977 287 140 261 839 390 911 494
651 503 479 781 397 125 463 529 318 952 358 482 107 96 557 954 447 490 162 998 253 339 244 204 203 879 524 198 530 177 481 965 160 748 232 460 308 899 353 862 254 315 508 977 287 153 261 839 390 911 494
701 495 466 781 397 125 463 529 318 952 358 496 132 96 557 954 447 489 178 998 253 339 244 228 231 879 524 198 530 177 481 965 160 748 232 460 308 899 353 862 254 315 508 977 287 153 261 839 390 911 494
751 495 465 781 397 125 463 529 318 952 358 496 132 96 557 954 447 489 178 998 253 339 244 228 231 879 524 198 530 177 481 965 160 748 232 460 308 899 353 862 254 249 486 977 287 154 261 839 390 911 494
801 495 465 781 397 125 463 529 318 952 358 533 166 96 557 954 447 489 178 998 253 339 244 228 231 879 524 195 526 177 481 965 160 748 232 460 308 899 353 862 254 247 485 977 287 154 261 839 390 911 494
851 495 465 781 397 125 463 529 318 952 358 547 191 109 541 954 447 489 178 998 253 339 244 228 231 879 524 195 526 177 481 949 230 748 232 460 308 899 353 862 254 247 485 977 287 154 261 839 390 911 494
901 495 465 781 397 139 430 529 318 952 358 548 192 162 517 954 447 489 178 1012 293 339 244 228 231 879 524 204 528 179 478 952 260 748 232 460 308 899 353 862 254 247 485 973 299 154 261 839 390 911 494
951 495 465 781 397 159 415 529 318 937 386 548 192 170 518 954 447 489 178 927 325 339 244 228 231 879 524 214 530 182 472 952 260 748 232 460 308 898 354 862 254 247 485 902 293 154 261 839 390 911 494
1001 495 465 781 397 160 415 529 318 907 441 548 192 170 518 967 472 489 178 909 328 339 244 228 231 879 524 214 530 182 472 951 330 748 232 460 308 887 367 862 254 247 485 896 288 205 266 839 390 911 494
1051 495 465 781 397 160 415 529 318 900 458 548 192 170 518 920 541 489 178 881 331 347 245 304 250 872 531 214 530 182 472 883 417 748 232 460 308 866 379 862 254 247 485 896 287 237 289 828 395 904 503
1101 495 465 775 397 160 415 529 318 819 502 548 192 170 518 815 579 489 178 881 331 361 260 329 284 781 557 214 530 182 472 832 446 748 232 460 308 854 380 862 254 247 485 896 287 239 290 817 401 830 539
1151 495 465 775 397 160 415 529 318 782 491 556 194 170 518 688 579 510 208 881 331 361 260 329 285 678 531 214 530 182 472 831 446 748 232 460 308 854 380 862 254 247 485 896 287 239 290 817 401 717 540
1201 495 465 775 397 160 415 529 318 781 491 596 241 170 518 570 558 518 235 881 331 361 260 329 285 582 493 214 530 182 472 831 446 748 232 460 308 854 380 862 254 247 485 896 287 239 290 817 401 610 521
1251 494 452 775 397 160 415 529 318 781 491 598 245 170 518 485 494 518 236 881 331 361 260 329 285 557 471 214 530 182 472 831 446 748 232 460 308 854 380 862 254 247 485 896 287 239 290 817 401 585 501
1301 495 440 775 397 160 415 529 318 781 491 598 245 170 518 459 466 518 236 881 331 361 260 329 285 557 471 214 530 182 472 831 446 748 232 460 308 854 380 859 273 247 485 907 297 239 290 817 401 585 500
1351 495 440 775 397 160 415 529 318 781 491 598 245 170 518 459 466 518 236 877 334 361 260 329 285 557 471 212 529 182 472 831 446 748 232 460 308 854 380 847 304 247 485 914 373 239 290 817 401 585 500
1401 495 440 754 393 160 415 529 318 781 491 598 245 150 514 459 466 518 236 840 353 361 260 329 285 557 471 201 517 182 472 821 451 748 232 460 308 825 398 847 306 247 485 858 475 239 290 790 420 585 500
1451 495 440 751 392 160 415 529 318 776 499 598 245 180 495 459 466 518 236 839 353 361 260 329 285 557 471 212 519 190 455 793 458 748 232 460 308 820 398 847 306 247 485 819 577 239 290 782 419 585 500
1501 495 440 751 392 199 406 529 318 776 499 598 245 190 489 459 466 518 236 839 353 361 260 329 285 557 471 219 524 202 448 792 458 748 232 460 308 820 398 847 306 247 485 680 578 239 290 782 419 585 500
1551 495 440 751 392 212 407 529 318 776 499 598 245 190 489 459 466 518 236 839 353 361 260 329 285 557 471 219 525 202 448 792 458 748 232 460 308 820 398 847 306 247 485 573 545 283 304 782 419 585 500
1601 495 440 751 392 212 407 529 318 776 499 598 245 190 489 449 456 518 236 839 353 381 253 348 304 553 466 219 525 202 448 792 458 748 232 460 308 820 398 847 306 247 485 480 487 307 328 782 419 589 495
1651 500 436 751 392 212 407 529 318 776 499 598 245 190 489 424 434 518 236 839 353 407 288 349 304 552 466 219 525 202 448 792 458 748 232 460 308 820 398 847 306 247 485 464 458 309 329 782 419 590 494
1701 500 436 751 392 212 407 529 318 776 499 598 245 187 485 424 433 533 254 839 353 408 290 349 304 552 466 211 523 202 448 792 458 748 232 460 308 820 398 847 306 247 485 464 458 309 329 782 419 590 494
1751 500 436 751 392 212 406 529 318 776 499 598 245 179 478 424 433 533 254 839 353 408 290 349 304 552 466 196 516 204 446 792 458 748 232 460 308 820 398 847 306 247 485 464 458 309 329 782 419 590 494
1801 500 436 751 392 212 382 529 318 776 499 598 245 214 464 424 433 533 254 839 353 408 290 349 304 552 466 216 509 237 422 792 458 756 285 460 308 820 398 847 306 254 480 464 458 309 329 782 419 590 494
1851 500 436 749 389 266 387 529 318 776 499 598 245 216 464 424 433 533 254 843 381 408 290 349 304 552 466 216 509 240 420 793 460 755 288 460 308 816 420 811 348 255 479 464 458 309 329 774 424 590 494
1901 500 436 741 387 283 396 529 318 773 506 598 245 216 464 424 433 533 254 874 463 419 289 372 303 552 466 216 509 240 420 790 463 755 288 460 308 815 431 787 392 255 479 464 458 324 336 762 427 590 494
1951 500 436 741 387 284 396 529 318 767 504 598 245 216 464 424 433 533 254 798 532 430 299 383 327 552 466 216 509 240 420 790 463 755 288 474 317 815 431 787 393 255 479 464 458 324 336 762 427 590 494
2001 500 436 741 387 284 396 529 318 724 494 608 259 216 464 424 433 533 254 694 576 430 300 384 327 552 466 216 509 240 420 790 463 755 288 475 317 815 431 787 393 255 479 464 458 324 336 762 427 590 494
2051 500 436 741 387 284 396 529 318 722 493 621 288 216 464 424 433 541 272 555 580 430 300 384 327 552 466 216 509 240 420 790 463 755 288 475 317 815 431 787 393 255 479 464 458 324 336 762 427 590 494
2101 500 436 739 396 284 396 529 318 722 493 621 289 216 464 424 433 541 272 433 573 430 300 384 327 552 466 216 509 240 420 790 463 746 355 475 317 815 431 787 393 255 479 464 458 324 336 762 427 590 494
2151 500 436 713 440 284 396 529 318 722 493 621 289 216 464 424 433 541 272 326 531 430 300 384 327 552 466 216 509 240 420 795 486 714 393 475 317 841 465 801 442 255 479 464 458 324 336 756 449 590 494
2201 500 436 708 440 284 396 529 318 722 493 621 289 203 460 424 433 541 272 290 492 430 300 384 327 552 466 216 509 240 420 778 516 714 394 475 317 805 546 775 476 248 470 464 458 324 336 748 447 590 494
2251 500 436 706 440 284 396 529 318 721 490 621 289 204 456 424 433 541 272 290 490 430 300 384 327 552 466 221 504 240 420 706 529 714 394 475 317 691 576 766 481 247 469 464 458 324 336 746 445 590 494
2301 500 436 706 440 305 390 529 318 721 490 621 289 267 436 424 433 541 272 293 492 430 300 384 327 552 466 221 503 264 379 683 514 714 394 475 317 563 574 766 481 253 477 464 458 324 336 746 445 590 494
2351 500 436 706 440 331 400 529 318 721 490 621 289 271 436 424 433 541 272 293 492 430 300 386 327 552 466 221 503 302 368 682 514 714 394 475 317 455 538 766 481 253 477 464 458 346 339 746 445 590 494
2401 500 436 706 440 341 410 529 318 721 490 621 289 271 436 424 433 541 272 293 492 438 305 397 323 552 466 221 503 326 370 682 514 714 394 481 320 374 479 766 481 253 477 464 458 366 357 746 445 590 494
2451 500 436 706 440 341 410 529 318 721 490 621 289 268 428 424 433 558 290 286 473 437 306 397 323 552 466 213 511 326 370 682 514 714 394 485 321 367 471 766 481 237 463 464 458 367 357 746 445 590 494
2501 500 436 706 440 341 410 526 320 721 490 628 327 268 427 424 433 568 305 286 473 437 306 397 323 552 466 209 489 326 370 682 514 714 394 485 321 367 471 766 481 236 462 464 458 367 357 746 445 590 494
2551 500 436 703 448 341 410 525 321 721 490 624 382 294 398 424 433 568 308 290 468 437 306 397 323 552 466 270 510 326 370 682 514 731 407 485 321 367 471 766 481 269 430 464 458 367 357 746 445 590 494
2601 500 436 667 483 350 412 525 321 702 506 623 384 306 400 424 433 568 308 296 477 437 306 400 320 552 466 274 514 338 366 665 524 708 466 485 321 367 471 793 516 283 434 464 458 377 356 749 502 590 494
2651 500 436 662 486 351 412 530 321 700 511 623 384 306 400 424 433 569 308 297 477 449 311 410 327 552 466 274 514 338 369 662 526 706 469 488 325 367 471 765 580 284 434 464 458 378 361 747 509 590 494
2701 500 436 662 486 351 412 542 322 698 510 623 384 307 400 424 433 580 305 297 477 453 338 413 343 552 466 274 514 338 369 659 528 706 469 498 337 367 471 637 579 284 434 464 458 377 361 739 505 590 494
2751 500 436 663 476 351 412 551 366 698 510 635 395 307 400 424 433 585 387 297 477 453 339 413 343 552 466 274 514 338 369 653 524 706 469 498 337 367 471 509 579 284 434 464 458 377 362 739 505 590 494
2801 500 436 664 487 351 412 546 390 699 517 652 447 307 400 424 433 588 414 297 477 453 339 413 343 552 466 274 514 338 369 651 530 710 476 498 337 367 471 391 564 284 434 464 458 377 362 741 504 590 494
2851 500 436 669 498 351 412 546 390 694 541 642 455 308 397 424 433 588 414 292 467 453 339 413 343 552 466 262 512 338 369 649 535 710 503 498 337 367 471 302 505 279 427 464 458 377 362 751 549 590 494
2901 500 436 642 487 351 412 546 390 650 534 637 443 308 396 424 433 588 414 289 450 455 339 414 342 552 465 235 492 338 367 611 519 681 508 498 337 367 471 282 493 268 408 464 458 378 362 638 578 585 489
2951 500 436 638 474 351 412 546 390 625 519 636 431 310 395 424 433 588 414 289 449 455 339 414 342 540 457 259 478 338 367 576 515 682 505 498 337 367 471 301 496 270 408 464 458 378 362 518 565 577 473
3001 500 436 638 474 358 415 546 390 625 519 636 431 324 393 424 433 588 414 295 459 459 338 418 335 540 457 256 480 353 357 574 513 682 505 499 337 367 471 303 502 292 417 464 458 393 373 406 526 577 473
3051 500 436 638 474 358 415 546 390 625 519 636 431 325 393 424 437 588 414 295 456 476 342 436 355 540 457 248 475 378 376 574 513 682 505 523 335 368 463 285 498 292 417 464 458 416 394 328 479 577 473
3101 500 436 638 474 360 416 549 405 625 519 636 431 328 389 425 440 589 415 295 448 485 365 438 359 540 457 217 457 379 376 574 513 682 505 526 370 370 462 264 474 286 407 464 458 415 395 329 471 577 473
3151 499 452 637 475 360 416 557 422 625 519 659 440 330 389 421 438 598 439 321 438 478 376 438 359 538 463 278 447 379 376 574 515 682 505 517 411 375 460 279 487 289 398 455 467 415 395 335 481 577 474
3201 496 452 615 487 364 415 557 422 609 540 652 521 337 389 421 437 594 438 326 437 478 376 438 359 537 462 284 447 379 376 574 520 699 550 517 412 377 460 280 490 297 402 455 467 415 395 336 485 575 476
3251 497 450 611 493 394 441 556 422 591 555 629 542 372 406 434 447 594 438 353 467 482 378 443 362 536 462 281 450 406 383 562 514 643 579 517 412 393 482 279 496 331 432 466 480 447 402 338 506 575 475
3301 494 465 617 484 393 441 569 416 533 536 602 522 371 407 424 468 613 439 352 467 538 391 458 399 533 472 280 450 413 403 559 504 522 580 531 431 388 488 279 497 331 433 461 489 458 440 338 507 578 467
3351 480 481 624 487 393 441 581 446 513 523 607 525 371 407 423 469 633 448 352 467 544 427 459 400 541 489 280 450 413 404 563 527 395 579 511 453 386 491 279 497 331 432 444 503 459 441 338 507 583 488
3401 477 482 629 547 393 441 571 457 509 529 588 562 371 407 423 469 594 509 352 467 539 426 459 400 518 487 280 450 413 404 551 542 272 574 505 449 386 491 279 497 331 432 442 505 459 441 338 507 556 499
3451 466 477 565 576 393 441 569 460 477 516 525 579 371 407 423 469 570 534 352 467 538 424 460 394 511 485 280 450 413 404 504 545 213 534 503 445 386 491 279 497 331 432 436 507 455 436 338 507 550 496
3501 467 456 488 532 383 438 576 448 429 495 448 579 365 398 421 455 569 517 341 464 539 423 461 383 505 476 280 450 411 403 469 497 261 498 500 432 381 489 300 495 327 426 399 528 448 421 340 507 547 479
3551 473 434 447 511 386 432 581 447 412 491 330 567 363 389 422 451 569 515 348 450 549 420 465 374 503 475 306 448 403 396 458 472 282 498 508 413 372 486 323 490 334 416 386 524 442 407 345 525 546 474
3601 485 441 454 515 385 430 581 448 418 489 257 530 386 388 423 449 569 515 345 443 550 420 468 367 505 478 297 441 421 410 458 474 268 484 511 410 382 469 323 475 347 403 366 507 460 408 303 510 546 474
3651 489 451 454 520 388 438 586 453 418 498 265 525 391 397 425 456 569 515 348 446 562 418 502 396 508 486 300 437 426 415 459 478 269 469 523 430 382 479 320 475 348 405 363 515 467 417 308 513 547 474
3701 492 459 456 530 397 429 601 486 423 500 265 525 391 388 429 457 572 520 361 451 592 445 506 420 513 494 320 440 429 404 461 487 297 475 538 448 387 484 337 486 350 401 362 517 466 423 307 519 554 485
3751 494 476 449 536 403 452 628 557 419 508 265 525 424 418 442 455 570 555 355 456 564 514 520 412 488 518 317 440 462 399 457 493 297 474 535 477 384 488 335 492 377 421 361 524 487 435 305 522 527 530
3801 496 493 434 548 409 463 558 577 416 509 262 526 427 426 460 456 519 579 354 457 566 529 547 431 478 530 316 439 490 418 454 496 297 474 546 486 379 491 336 493 385 429 357 530 508 454 305 524 525 532
3851 472 487 399 539 396 459 439 579 391 500 260 525 423 419 437 458 400 579 351 445 607 525 516 502 444 540 311 437 463 408 432 501 284 467 552 535 352 487 313 495 382 420 357 530 480 445 300 533 483 526
3901 471 471 364 528 395 448 321 579 377 485 251 523 420 406 439 441 281 579 350 440 633 574 515 510 407 516 309 436 460 402 425 479 275 458 555 544 332 477 291 493 378 409 324 519 486 433 290 536 466 512
3951 471 470 359 518 399 442 218 564 376 481 229 515 419 405 440 440 179 577 351 438 514 574 511 506 407 515 309 436 460 402 425 478 269 445 547 534 329 473 283 488 377 408 318 512 486 433 274 532 466 512
