1 660 391 282 520 1052 361 177 465 158 38 1127 545 119 53 490 482 1106 478 378 205 272 386 238 289 950 246 117 196 720 574 1060 243 886 394 168 579 892 107 1158 265 728 486 990 242 92 576 310 491 285 160
51 660 391 271 536 1036 355 177 465 158 38 1177 556 119 53 490 482 1106 478 378 205 272 386 238 289 950 246 117 196 720 574 1060 243 886 394 168 579 892 107 1158 265 728 486 990 242 92 576 263 495 285 160
101 712 335 271 537 1030 352 177 465 158 38 1158 531 119 53 487 451 1106 478 378 205 272 386 197 287 950 246 117 196 720 574 1060 243 930 359 168 579 945 124 1158 265 728 486 990 242 92 576 262 496 285 160
151 828 312 271 537 1030 352 177 465 158 38 1158 531 119 53 487 450 1106 478 378 205 272 386 163 292 955 238 112 187 697 562 1060 243 934 356 168 579 1005 221 1158 265 728 486 995 263 92 576 262 496 285 160
201 947 294 271 537 1030 352 177 465 158 38 1158 531 119 53 487 450 1106 478 378 205 272 386 163 292 1043 237 122 152 691 556 1125 254 934 356 168 579 1042 290 1162 266 728 486 1000 303 92 576 262 496 285 160
251 1053 267 271 537 1033 358 177 465 170 35 1158 531 129 35 487 450 1106 478 378 205 272 386 167 285 1130 309 140 143 691 556 1131 349 942 351 168 579 1083 294 1180 336 728 486 1013 317 92 576 262 496 285 160
301 1164 289 271 537 1055 361 177 465 233 61 1158 531 232 20 487 450 1106 478 378 205 272 386 177 266 1145 421 140 143 691 556 1105 424 1007 371 168 579 1100 308 1180 462 728 486 1032 300 92 576 262 496 285 160
351 1145 376 271 537 1058 362 177 465 236 64 1132 564 346 28 487 450 1087 487 378 205 272 386 178 266 1117 525 210 109 691 556 1102 427 1009 374 168 579 1141 322 1174 577 728 486 1101 327 92 576 262 496 285 160
401 1118 401 271 537 1058 362 177 465 251 28 1112 579 458 53 487 450 1086 488 378 205 272 386 178 266 1107 533 263 103 691 556 1089 445 1009 374 168 579 1178 348 1179 575 728 486 1120 357 92 576 262 496 285 160
451 1117 401 271 537 1058 362 177 465 351 40 1064 560 565 96 487 450 1086 488 378 205 272 386 178 266 1057 520 264 103 691 556 1088 445 1009 374 156 575 1157 440 1177 548 728 486 1120 357 92 576 262 496 285 160
501 1117 401 271 537 1058 362 177 465 468 66 1058 557 663 160 487 450 1088 486 378 205 272 386 178 266 1053 510 264 103 691 556 1088 445 1009 374 132 558 1118 544 1180 584 728 486 1120 357 82 571 262 496 285 160
551 1117 401 271 537 1058 362 177 465 587 83 1058 557 742 245 487 450 1088 486 378 205 272 386 178 266 1053 509 264 103 691 556 1088 445 1009 374 131 557 1111 553 1173 574 728 486 1120 357 67 557 262 496 285 160
601 1117 401 271 537 1058 362 177 465 706 95 1042 558 792 337 487 450 1089 475 378 205 272 386 178 266 1042 504 264 103 691 556 1089 435 1009 374 131 557 1081 517 1085 560 728 486 1120 357 83 560 262 496 285 160
651 1118 401 271 537 1058 362 221 449 826 103 1031 557 794 346 487 450 1090 468 378 205 272 386 178 266 1037 501 264 103 691 556 1088 428 1009 374 131 557 1079 508 1073 552 728 486 1120 357 85 562 262 496 285 160
701 1118 401 271 537 1069 361 222 449 945 115 1031 557 794 346 487 450 1090 468 378 205 272 386 185 255 1037 501 264 103 691 556 1088 427 1021 350 131 557 1079 508 1073 552 728 486 1120 357 85 562 262 496 285 160
751 1118 401 271 537 1084 373 222 449 1060 148 1031 557 794 346 487 450 1090 468 378 205 272 386 259 228 1037 501 264 103 691 556 1088 427 1031 376 131 557 1079 508 1073 552 728 486 1126 355 85 562 262 496 285 160
801 1149 421 271 537 1109 402 222 449 1165 205 1031 557 794 346 487 450 1100 480 378 205 272 386 291 194 1037 501 279 93 691 556 1083 435 1031 385 131 557 1073 519 1072 559 728 486 1170 343 85 562 262 496 287 149
851 1128 445 271 537 1109 402 222 449 1144 288 1031 557 794 346 487 450 1100 480 378 205 272 386 294 194 1037 501 389 93 691 556 1083 435 1031 385 131 557 1073 519 1072 560 728 486 1165 429 85 562 262 496 320 144
901 1114 452 271 537 1101 412 222 449 1127 298 1031 557 794 346 487 450 1095 486 378 205 272 386 294 194 1036 501 510 97 691 556 1068 439 1031 385 131 557 1072 520 1072 561 728 486 1120 535 85 562 262 496 321 144
951 1171 513 271 537 1075 421 222 449 1127 298 996 538 794 346 487 450 1092 491 378 205 272 386 294 194 1033 499 632 96 691 556 1051 453 1031 385 131 557 1068 524 1011 575 728 486 1051 580 85 562 262 496 321 144
1001 1116 571 271 537 1075 421 222 449 1127 298 989 522 794 346 487 450 1092 491 378 205 272 386 294 194 1033 499 754 94 691 556 1051 453 1031 385 131 557 1068 524 953 575 728 486 994 563 82 552 262 496 321 144
1051 1083 556 271 537 1075 421 222 449 1127 298 987 515 794 346 487 450 1093 489 378 205 272 386 294 194 1028 496 876 98 691 556 1051 453 1031 385 154 561 1067 519 927 558 728 486 987 557 111 559 262 496 321 144
1101 1083 555 271 537 1075 421 225 422 1127 298 987 515 794 346 487 450 1094 488 378 205 272 386 294 194 1027 495 995 132 691 556 1051 453 1031 385 154 561 1067 518 926 557 728 486 987 557 112 559 262 496 321 144
1151 1083 555 271 537 1075 421 285 384 1127 298 987 515 794 346 487 450 1094 488 378 205 320 363 294 194 1027 495 1104 188 691 556 1051 453 1031 385 152 553 1067 518 926 557 728 486 987 557 112 559 262 496 321 144
1201 1083 555 271 537 1075 421 335 347 1127 298 987 515 794 346 487 450 1094 488 378 205 375 337 294 194 1027 495 1173 277 691 556 1051 453 1031 385 173 562 1067 518 926 557 728 486 987 557 121 569 262 496 321 144
1251 1083 555 271 537 1075 421 336 346 1127 298 987 515 794 346 487 450 1094 488 378 205 376 337 335 177 1027 495 1179 390 691 556 1051 453 1031 385 176 565 1067 518 926 557 728 486 987 557 122 569 319 474 329 127
1301 1083 555 271 537 1075 421 336 346 1127 298 987 515 794 346 487 450 1094 488 383 210 376 337 358 170 1027 495 1179 516 691 556 1051 453 1031 385 176 566 1067 518 926 557 728 486 987 557 122 569 355 466 413 83
1351 1083 555 271 537 1075 421 372 310 1127 298 987 515 794 346 487 450 1094 488 383 210 407 339 358 170 1027 495 1183 583 691 556 1051 453 1031 385 176 566 1067 518 926 557 728 486 987 557 122 569 355 465 508 138
1401 1083 555 271 537 1075 421 393 292 1127 298 987 515 794 346 487 450 1094 488 383 210 414 342 371 158 1027 495 1135 579 691 556 1051 453 1031 385 176 566 1067 518 926 557 728 486 987 557 122 569 355 465 601 222
1451 1033 529 271 537 1075 421 393 292 1127 298 986 515 794 346 487 450 1099 484 383 210 414 342 477 140 1019 490 1047 566 691 556 1051 453 1031 385 174 563 1063 502 926 557 728 486 987 557 122 569 355 465 667 314
1501 1026 518 271 537 1075 421 393 292 1127 298 986 515 817 347 487 450 1099 483 383 210 414 342 597 125 1015 479 1029 558 691 556 1051 453 1031 385 167 551 1063 501 926 557 728 486 987 557 106 555 355 465 671 334
1551 1026 518 271 537 1075 421 393 292 1127 298 986 515 928 320 487 450 1099 483 383 210 414 342 718 110 1015 479 1029 558 691 556 1051 453 1031 385 185 551 1063 501 926 557 728 486 987 557 145 560 355 465 671 335
1601 1026 518 271 537 1075 421 393 292 1127 298 986 515 1048 320 487 450 1099 483 383 210 414 342 841 111 1015 479 1029 558 691 556 1051 453 1031 385 193 549 1063 501 926 557 728 486 987 557 159 573 355 465 671 335
1651 1026 518 307 536 1075 421 393 292 1149 291 986 515 1114 344 487 450 1099 483 383 210 414 342 961 137 1015 479 1029 558 691 556 1051 453 1031 385 228 574 1063 501 926 557 728 486 987 557 162 577 386 466 671 335
1701 1026 518 336 541 1075 421 393 292 1166 361 986 515 1114 345 487 450 1099 483 383 210 429 324 1074 185 1015 479 1029 558 691 556 1051 453 1031 385 229 574 1063 501 926 557 728 486 987 557 162 577 410 462 671 335
1751 1026 518 337 541 1075 421 408 274 1179 482 986 515 1114 345 487 450 1099 483 395 196 432 321 1176 254 1015 479 1029 558 691 556 1051 453 1031 385 229 574 1063 501 926 557 728 486 987 557 162 577 425 458 671 335
1801 1026 518 337 541 1075 421 450 244 1170 588 986 515 1114 345 487 450 1099 483 486 183 432 321 1179 369 1015 479 1029 558 691 556 1051 453 1031 385 229 574 1063 501 926 557 728 486 987 557 162 577 425 458 671 335
1851 1026 518 337 541 1075 421 513 256 1144 526 986 515 1114 345 487 450 1099 483 599 175 432 321 1175 495 1015 479 1029 558 691 556 1051 453 1031 385 229 574 1063 501 926 557 728 486 987 557 162 577 425 458 671 335
1901 1026 518 337 541 1075 421 514 256 1122 515 986 515 1114 345 487 450 1094 474 710 167 432 321 1104 553 1015 479 1029 558 691 556 1051 453 1031 385 229 574 1063 501 926 557 728 486 987 557 162 577 425 458 671 335
1951 1026 511 337 541 1075 421 514 256 1125 511 986 515 1114 345 487 450 1095 473 822 160 432 321 1085 541 1011 466 1026 556 691 556 1051 453 1031 385 206 558 1065 501 926 557 728 486 983 557 152 573 425 458 671 335
2001 1026 511 337 541 1075 421 514 256 1125 511 986 515 1114 345 487 450 1095 473 933 155 432 321 1085 541 1011 466 1026 556 691 556 1051 453 1031 385 206 558 1065 501 926 557 728 486 983 557 130 557 425 458 671 335
2051 1026 511 337 541 1075 421 514 256 1125 511 986 515 1114 345 487 450 1095 473 1043 171 432 321 1085 541 1011 466 1026 556 691 556 1051 453 1031 385 212 564 1065 501 926 557 728 486 983 557 160 571 425 458 671 335
2101 1026 511 349 540 1075 421 514 256 1125 511 986 515 1114 345 487 450 1095 473 1146 211 432 321 1085 541 1011 466 1026 556 691 556 1051 453 1031 385 227 578 1065 501 926 557 728 486 983 557 161 572 425 458 671 335
2151 1026 511 433 528 1075 421 514 256 1125 511 986 515 1114 345 487 450 1095 473 1175 311 432 321 1085 541 1011 466 1026 556 691 556 1051 453 1031 385 227 578 1065 501 926 557 728 486 983 557 161 572 425 458 671 335
2201 1026 511 436 528 1075 421 514 256 1125 511 986 515 1114 345 487 450 1095 473 1149 423 432 321 1085 541 1011 466 1026 556 691 556 1051 453 1031 385 227 578 1065 501 926 557 728 486 983 557 161 572 448 407 671 335
2251 1025 512 488 480 1075 421 514 256 1129 561 982 516 1114 345 494 438 1090 470 1103 530 452 288 1068 550 1011 466 1026 556 691 556 1051 453 1031 385 227 578 1065 505 926 557 728 486 983 557 161 572 462 402 671 335
2301 1025 512 521 472 1075 421 541 250 1173 540 981 516 1114 345 509 418 1090 470 1089 576 507 212 1048 573 1011 466 1010 557 691 556 1051 453 1031 385 227 578 1065 505 926 557 728 486 969 557 161 572 483 364 671 335
2351 1025 512 521 472 1075 421 547 248 1176 502 981 516 1114 345 532 406 1090 470 1081 560 589 238 1039 578 1011 466 1007 553 691 556 1051 453 1031 385 227 578 1065 505 922 557 728 486 965 558 161 572 560 336 671 335
2401 1025 509 521 472 1075 421 505 216 1113 573 972 502 1114 345 533 406 1090 470 1078 549 659 323 991 577 1011 466 996 537 691 556 1051 453 1031 385 199 561 1067 504 915 556 728 486 954 558 159 572 575 331 681 356
2451 1012 499 521 472 1075 421 591 268 1070 556 971 501 1114 345 533 406 1094 465 1035 534 661 342 960 557 1009 457 995 536 691 556 1051 453 1031 385 197 556 1066 494 898 557 728 486 930 531 137 556 575 331 689 370
2501 1011 499 521 472 1075 421 692 338 1069 554 971 501 1114 345 533 406 1094 465 1034 534 660 368 959 557 1008 456 994 536 691 556 1051 453 1031 385 209 554 1066 494 897 557 728 486 929 531 172 577 575 331 704 383
2551 1012 502 521 472 1078 416 786 411 1070 555 971 501 1114 345 533 406 1097 466 1035 535 659 371 957 559 1016 461 994 538 691 556 1056 456 1031 385 314 580 1066 494 897 557 728 486 929 530 174 579 575 331 706 406
2601 1011 506 521 472 1082 411 816 463 1073 556 971 501 1114 345 533 406 1105 468 1035 539 659 371 954 563 1025 467 994 545 691 556 1067 452 1049 387 376 579 1066 497 897 557 728 486 928 530 174 579 575 331 706 406
2651 1009 509 526 453 1103 423 816 465 1073 556 970 501 1158 339 533 406 1106 468 1036 539 659 371 954 563 1036 476 994 545 691 556 1070 450 1064 403 377 579 1072 501 897 557 728 486 928 530 174 579 575 331 706 406
2701 1008 508 553 427 1114 423 816 465 1075 557 968 500 1166 433 547 354 1107 469 1036 541 659 371 954 563 1046 488 992 548 691 556 1070 450 1086 392 377 579 1081 508 897 557 728 486 928 530 174 579 578 329 706 406
2751 1008 508 563 411 1136 447 816 465 1075 558 968 500 1113 533 611 264 1105 477 1036 541 659 371 954 563 1046 488 992 548 691 556 1070 450 1175 435 375 578 1075 517 897 557 728 486 928 530 174 579 626 305 706 406
2801 1001 494 639 397 1121 489 816 465 1015 579 959 500 1052 560 720 219 1082 483 1023 528 670 367 951 564 1040 479 988 548 691 556 1067 444 1173 550 341 558 1063 520 897 557 728 486 928 530 174 579 627 305 706 406
2851 992 478 643 399 1122 494 816 465 968 563 950 492 1034 557 838 199 1081 480 1016 519 673 365 928 565 1037 478 977 523 691 556 1065 440 1068 575 340 557 1062 517 889 555 728 486 925 524 174 579 658 292 706 406
2901 987 471 643 399 1122 494 816 465 959 558 945 484 998 548 957 200 1081 480 1012 509 673 365 909 556 1041 471 971 517 691 556 1068 437 1039 552 340 557 1062 517 865 547 728 486 925 519 143 564 706 328 706 406
2951 987 471 643 399 1122 494 816 465 958 557 945 484 998 548 1073 227 1081 480 1012 509 673 365 908 555 1041 471 971 517 691 556 1068 436 1039 551 340 557 1062 517 864 547 728 486 925 519 148 560 706 329 706 406
3001 987 471 643 399 1122 494 816 465 958 557 945 484 998 548 1179 282 1081 480 1012 509 673 365 908 555 1041 471 971 517 691 556 1068 436 1039 551 340 557 1062 517 864 547 728 486 925 519 170 574 706 329 706 406
3051 987 471 643 399 1122 494 816 465 958 557 945 484 998 548 1145 374 1081 480 1012 509 673 365 908 555 1041 471 971 517 691 556 1068 436 1039 551 392 544 1062 517 864 547 728 486 925 519 170 573 706 329 706 406
3101 987 471 643 399 1114 515 816 465 958 557 945 484 998 548 1151 495 1081 480 1012 509 673 365 908 555 1041 471 971 517 691 556 1068 436 1039 551 492 482 1062 517 864 547 728 486 925 519 170 573 706 329 706 406
3151 987 471 643 399 1107 523 816 465 958 557 945 484 998 548 1142 564 1081 480 1012 509 673 365 908 555 1041 471 971 517 691 556 1068 436 1039 551 587 408 1062 517 864 547 728 486 925 519 170 573 706 329 706 406
3201 987 471 667 401 1098 515 816 465 950 560 944 483 994 546 1056 579 1083 473 1010 507 685 363 908 555 1036 470 966 517 691 556 1067 432 1033 543 661 317 1053 507 864 547 728 486 925 519 170 573 706 329 706 406
3251 981 462 743 368 1098 515 816 465 946 563 938 473 983 539 987 579 1085 471 1007 503 738 329 903 556 1033 466 960 506 691 556 1066 431 1030 537 759 251 1058 503 864 547 728 486 922 518 170 573 758 294 750 412
3301 981 462 755 372 1098 515 816 465 913 539 938 467 983 536 948 558 1085 471 1007 502 822 332 879 562 1033 466 959 504 691 556 1066 431 1030 537 882 239 1058 503 844 541 728 486 912 499 153 561 839 286 751 412
3351 981 462 755 372 1098 515 816 465 914 538 939 467 983 536 949 558 1085 471 1007 502 831 343 877 557 1033 466 959 504 691 556 1066 431 1030 537 987 303 1058 503 837 538 728 486 911 496 170 560 954 325 751 412
3401 981 462 755 372 1098 515 816 465 914 538 939 467 983 536 949 558 1085 471 1007 502 831 343 876 557 1033 466 959 504 691 556 1066 431 1030 537 1086 371 1058 503 836 537 728 486 911 496 286 579 1015 408 751 412
3451 981 462 755 372 1101 526 816 465 913 538 939 467 983 537 948 559 1094 480 1006 504 831 343 876 557 1031 471 959 504 691 556 1066 446 1030 537 1167 424 1058 503 836 537 728 486 911 496 406 579 1017 430 751 412
3501 981 462 755 372 1102 528 816 465 913 538 939 467 984 538 947 561 1096 481 1006 504 831 343 876 557 1031 471 959 504 708 564 1066 446 1030 537 1180 538 1058 503 836 537 739 466 911 496 526 579 1017 430 751 412
3551 981 462 759 331 1102 528 816 465 913 538 939 467 984 538 947 561 1096 481 1006 504 831 343 876 557 1031 471 959 504 709 564 1066 446 1030 537 1171 589 1058 503 836 537 784 422 911 496 639 579 1017 430 771 381
3601 981 462 799 305 1102 528 816 465 913 538 939 467 984 538 947 561 1096 481 1006 504 831 343 876 557 1031 471 959 504 709 564 1066 446 1030 537 1171 572 1058 503 836 537 785 420 911 496 666 579 1017 430 775 377
3651 981 462 901 344 1087 524 816 465 913 538 939 467 984 538 947 561 1096 481 1006 504 836 359 876 557 1028 468 959 504 709 564 1066 446 1030 537 1079 570 1052 501 836 537 798 411 911 496 666 579 1016 429 771 365
3701 980 461 1008 388 1086 525 816 465 913 538 939 467 983 536 947 561 1096 481 999 497 846 366 876 557 1027 466 958 503 709 564 1066 446 1028 534 996 573 1054 496 836 537 801 410 911 496 666 579 1016 427 827 326
3751 979 455 1113 426 1089 527 816 465 893 525 939 456 980 524 909 561 1096 482 1001 490 850 368 868 562 1033 464 951 496 709 564 1073 450 1028 534 952 553 1057 500 836 537 801 410 908 487 666 579 1013 430 941 294
3801 980 454 1172 503 1089 527 816 465 886 519 939 455 981 524 906 557 1097 482 1001 489 850 368 865 554 1034 464 951 496 709 564 1075 449 1028 534 944 542 1057 500 826 529 801 410 908 482 666 579 1012 429 1059 302
3851 980 454 1086 576 1089 527 816 465 886 518 939 455 981 524 906 557 1097 482 1001 489 850 368 865 554 1034 464 951 496 709 564 1075 449 1028 534 944 542 1057 500 826 528 801 410 908 482 666 579 1012 429 1169 346
3901 980 454 1041 561 1089 527 816 465 886 518 939 455 981 524 906 557 1097 482 1001 489 850 368 865 554 1034 464 951 496 703 554 1075 449 1022 525 944 542 1057 500 826 528 801 410 908 482 636 565 1012 429 1139 429
3951 978 450 1044 569 1083 545 816 465 886 518 937 453 971 526 896 567 1074 485 994 490 850 368 856 554 1025 464 947 493 703 554 1065 443 1013 540 935 545 1036 505 824 527 801 410 908 482 634 559 1010 423 1107 437
