1 -3.608 -1.312 0.957 0.796 -1.519 0.612 0.444 -1.2 2.019 -1.838
51 -2.924 -1.575 0.339 -0.362 -1.781 4.478 0.331 -0.941 2.928 -1.553
101 -3.34 -1.047 -0.663 -0.646 -1.36 5.356 0.576 -0.691 2.82 -0.833
151 -4.089 -0.775 -0.542 -0.395 -0.625 5.279 1.505 -0.486 1.768 -0.862
201 -3.044 -0.618 -0.065 -0.228 -0.133 5.523 1.457 -0.285 3.285 -0.642
251 -1.456 -0.321 -0.034 -0.043 -0.044 5.823 1.428 -0.054 5.049 -0.352
301 -1.585 -0.099 -0.006 -0.009 -0.01 6.199 1.426 -0.068 4.905 -0.082
351 -0.978 -0.044 -0.041 -0.03 -0.001 6.181 2.61 -0.018 5.316 -0.059
401 -0.765 0.013 -0.032 -0.014 -0.01 6.248 2.516 0.004 5.616 0.001
451 -0.306 -0.042 -0.043 -0.02 -0.033 6.301 3.034 0.006 5.977 -0.043
501 -0.245 -0.042 0.067 -0.04 0.076 6.33 3.367 -0.008 6.08 -0.039
551 -0.074 0.255 1.14 0.879 2.023 6.437 3.141 0.697 6.246 0.252
601 0.066 1.348 1.698 1.518 1.259 7.449 3.097 1.362 6.424 1.366
651 0.259 0.881 1.074 0.691 1.224 7.06 3.05 0.641 6.572 0.722
701 0.346 1.634 1.766 1.813 1.745 7.548 5.279 1.646 6.659 1.273
751 0.845 1.12 1.18 1.224 1.337 7.172 5.376 1.059 7.439 0.863
801 0.863 1.527 1.457 1.672 1.814 7.674 5.692 1.929 7.1 1.404
851 1.385 2.074 1.974 2.537 3.024 8.605 5.962 2.598 7.899 2.59
901 1.136 2.521 2.401 2.473 3.273 9.097 6.186 2.827 7.562 3.129
951 2.064 2.467 2.344 2.42 2.911 9.037 6.305 2.779 9.217 3.064
1001 2.229 2.44 2.308 2.69 2.876 9.32 6.494 2.751 9.133 3.028
1051 2.692 2.518 2.675 2.765 2.922 9.055 6.955 2.801 8.772 2.799
1101 2.977 2.498 2.521 2.595 2.673 8.978 6.749 2.494 9.689 2.681
1151 3.136 3.614 4.04 2.912 3.352 9.883 7.662 2.88 9.505 4.502
1201 2.969 5.206 5.32 5.233 4.765 11.323 6.547 5.023 9.22 5.194
1251 4.961 5.157 5.204 5.416 4.917 11.252 8.655 5.241 10.946 5.503
1301 5.413 5.463 5.53 5.608 5.477 11.644 7.385 5.533 11.679 5.712
1351 5.73 5.816 5.94 5.973 5.787 11.877 8.976 5.952 11.945 5.978
1401 5.952 5.992 6.065 6.119 5.988 12.16 9.54 6.111 12.168 6.203
1451 6.169 6.211 6.233 6.28 6.21 12.382 9.232 6.276 12.441 6.313
1501 6.327 6.364 6.429 6.523 6.407 12.547 8.608 6.471 12.603 6.557
1551 6.636 6.732 6.746 6.7 6.723 12.906 8.896 6.794 12.971 6.778
1601 7.025 7.185 7.157 7.201 7.14 13.328 10.265 7.118 13.316 7.143
1651 6.794 6.964 6.936 6.983 6.869 13.124 11.61 6.929 13.13 7.103
1701 7.007 7.785 8.105 8.147 7.708 13.549 11.82 8.21 13.738 8.444
1751 8.036 8.358 8.497 8.292 8.234 13.9 12.141 8.613 14.368 8.592
1801 8.658 8.281 8.678 8.982 8.922 14.354 12.372 8.797 14.755 9.057
1851 8.847 8.46 8.61 9.204 8.852 14.5 12.595 9.018 14.944 8.968
1901 9.04 8.397 8.56 9.122 8.79 14.66 13.088 8.967 14.869 9.155
1951 9.008 8.676 8.593 9.067 8.794 14.817 13.25 8.98 14.858 9.058
2001 9.484 9.046 9.008 9.189 9.003 15.869 13.422 9.192 15.285 9.587
2051 10.413 10.566 9.831 10.083 10.099 17.623 14.125 9.888 17.048 11.003
2101 11.59 11.665 11.612 11.277 11.393 17.971 13.937 11.177 17.932 11.6
2151 11.399 11.308 11.476 11.116 11.706 17.888 15.726 11.31 18.088 11.767
2201 11.849 11.736 11.876 11.772 11.96 18.186 15.731 11.823 18.366 12.019
2251 12.263 12.1 12.339 12.132 12.368 18.61 15.479 12.186 18.684 12.38
2301 12.399 12.291 12.418 12.31 12.487 18.699 15.368 12.291 18.877 12.536
2351 12.73 12.616 12.801 12.637 12.822 19.084 15.361 12.685 19.073 12.823
2401 13.161 13.001 13.058 12.951 13.139 19.423 17.909 13.051 19.549 12.984
2451 13.333 13.131 13.2 13.058 13.598 19.698 17.881 13.306 19.943 13.687
2501 13.512 13.332 13.493 13.353 13.753 19.671 18.286 13.574 20.616 13.722
2551 14.041 13.817 14.423 13.936 14.647 20.6 18.653 14.32 21.232 14.773
2601 14.587 14.448 15.34 14.62 15.088 21.488 19.116 14.95 21.701 15.223
2651 14.778 14.852 15.262 15.04 15.04 21.702 19.255 15.159 21.637 15.166
2701 15.055 15.414 15.839 15.91 15.041 21.976 19.784 15.44 21.633 15.459
2751 15.354 16.112 16.397 16.283 15.517 22.447 19.43 15.816 21.98 15.614
2801 16.937 17.33 17.272 17.671 16.227 23.206 20.378 17.091 22.583 16.711
2851 18.033 17.932 17.678 17.809 17.884 23.779 21.163 17.83 23.922 17.629
2901 18.372 18.349 18.06 18.343 18.469 24.35 21.989 18.235 24.532 18.123
2951 18.652 18.506 18.339 18.74 18.57 24.623 22.094 18.425 24.783 18.365
3001 19.105 19.096 18.818 19.097 19.072 25.191 21.433 18.996 25.412 19.049
3051 19.452 19.237 19.03 19.494 19.35 25.298 23.173 19.079 25.513 19.169
3101 20.123 19.603 19.466 20.565 19.95 25.773 24.107 19.41 25.92 19.736
3151 19.666 19.795 19.636 20.176 20.117 25.919 24.582 19.603 26.021 19.827
3201 21.561 20.669 20.586 21.91 21.28 27.682 24.897 20.894 27.885 21.152
3251 21.508 21.076 21.206 21.54 21.226 27.886 25.33 21.309 27.808 21.343
3301 21.503 21.346 21.465 21.826 21.492 28.185 25.525 22.18 28.375 21.605
3351 21.793 21.888 22.269 22.05 21.883 28.493 26.651 22.665 28.71 22.039
3401 22.348 23.575 23.845 22.679 23.068 29.257 26.802 24.402 29.859 23.369
3451 24.085 24.101 24.098 23.986 24.277 30.464 28.305 24.425 30.502 24.105
3501 24.727 24.805 24.74 24.537 24.827 30.889 28.118 24.725 30.879 24.36
3551 25.24 25.243 25.22 24.881 25.178 31.272 27.123 25.105 31.163 24.839
3601 25.666 25.976 26.077 25.363 25.603 31.873 28.922 25.535 31.568 25.292
3651 25.63 25.816 25.82 25.407 25.6 31.902 30.111 25.541 31.668 25.371
3701 26.107 25.773 26.139 25.895 26.121 32.48 30.684 26.054 32.183 25.873
3751 27.567 27.657 28.116 27.61 27.065 33.709 31.233 26.598 33.629 26.62
3801 27.504 27.901 27.765 27.82 27.23 33.889 31.808 27.345 34.375 27.86
3851 27.485 27.885 27.739 27.778 27.416 33.845 32.006 27.77 34.302 28.087
3901 27.595 27.727 27.642 27.704 27.25 33.82 32.153 28.137 34.052 28.554
3951 27.822 28.103 28.094 28.226 27.539 34.326 33.724 28.033 34.509 28.041
