1 1027 397 1.903 373 387 -3.114 731 352 -1.871 991 317 -0.675 843 293 -0.066 1129 155 0.852 165 378 -2.174 764 358 -1.872 76 118 1.084 912 450 2.497
51 1024 477 -0.131 278 349 -2.777 704 253 -1.731 1047 377 0.452 943 315 0.468 1182 140 1.585 106 294 -1.837 733 260 -1.93 154 90 -0.95 815 429 3.427
101 1121 526 1.194 170 289 -2.44 686 130 -1.591 1095 468 1.58 1036 387 1.398 1188 224 0.933 108 177 -0.907 706 139 -1.593 246 62 0.572 692 410 3.171
151 1087 582 3.31 113 190 -0.521 712 10 -0.661 1118 581 2.115 1088 485 2.526 1152 327 1.864 189 95 0.615 728 21 -0.86 355 118 0.119 568 405 2.916
201 968 580 3.054 206 130 -0.777 790 9 -0.917 1025 559 3.243 995 541 3.061 1109 440 2.003 295 86 0.557 816 9 -1.116 472 94 -0.531 462 455 2.067
251 848 577 3.392 308 134 -0.835 890 19 0.408 902 542 3.185 874 555 3.201 1053 545 2.143 410 123 -0.093 909 24 0.406 585 43 -0.194 422 560 2.009
301 732 541 3.531 396 101 0.292 992 68 1.536 780 522 3.523 752 533 3.538 960 569 3.666 528 93 -0.546 1009 78 1.732 708 21 -0.054 331 563 3.532
351 613 502 3.473 516 96 -0.556 1024 180 0.687 661 486 3.465 634 493 3.48 850 512 3.411 641 39 -0.209 1041 192 0.488 832 19 0.282 211 550 3.079
401 491 477 3.218 632 54 -0.218 1123 244 1.815 544 442 3.604 512 470 3.224 732 475 3.353 761 30 0.325 1137 259 2.011 943 63 0.619 90 533 4.009
451 368 488 2.764 756 40 -0.079 1070 333 2.548 425 411 3.151 388 478 2.771 613 441 3.492 883 56 0.465 1075 353 2.546 975 166 0.957 39 427 4.742
501 284 567 2.509 870 74 1.246 989 421 1.501 302 421 2.895 287 546 2.318 495 401 3.237 949 142 0.802 994 442 1.104 1054 234 2.282 116 356 5.474
551 177 581 4.427 917 182 0.793 1024 514 2.036 183 457 3.233 206 586 3.05 371 401 2.981 1007 230 0.744 1043 521 2.825 987 326 2.224 165 250 5.021
601 115 481 4.369 975 281 1.723 962 576 3.362 100 409 5.744 133 508 4.178 251 431 2.725 996 321 1.872 961 556 3.163 980 435 1.969 234 151 5.951
651 161 391 4.904 946 400 1.863 849 578 3.106 184 328 5.093 153 411 4.911 144 432 5.039 964 436 1.814 841 560 2.512 990 535 1.713 342 120 5.696
701 201 277 5.241 930 523 2.002 739 578 3.246 236 218 5.43 193 297 5.051 187 329 4.981 946 545 2.547 719 580 3.047 920 584 3.434 448 139 6.428
751 279 187 5.974 832 551 3.328 616 563 3.386 336 154 5.965 264 200 5.981 241 222 5.911 846 564 3.477 599 575 3.384 801 569 3.376 566 120 5.975
801 394 147 6.509 710 522 3.468 501 526 3.921 446 135 6.5 375 153 6.318 350 164 6.051 730 524 3.617 480 537 3.721 684 533 3.516 686 87 6.114
851 514 137 5.858 590 489 3.41 413 439 3.863 565 122 5.849 495 145 5.865 470 155 5.795 612 487 3.361 384 461 3.861 565 496 3.26 810 89 6.649
901 635 116 6.591 467 472 3.154 315 362 3.804 685 107 6.977 615 121 6.598 588 122 6.528 488 469 3.105 294 375 4 443 483 3.202 879 159 7.975
951 753 153 6.335 343 484 2.898 247 262 4.932 794 160 6.326 733 150 6.342 708 150 6.272 364 476 2.85 230 273 5.128 320 496 2.748 943 230 8.115
1001 851 208 7.068 236 543 2.247 332 196 5.467 878 230 6.664 832 201 7.074 814 192 7.005 251 525 2.396 313 204 5.663 221 565 2.295 968 342 8.057
1051 933 290 7.998 140 573 4.956 443 164 6.398 952 297 8.78 921 274 7.807 901 261 7.738 173 587 3.327 422 167 6.594 134 554 5.795 930 454 8.394
1101 929 399 7.742 168 480 4.305 560 154 6.142 946 408 8.722 924 380 8.144 907 370 7.68 169 504 4.455 540 154 6.14 159 453 4.749 877 559 8.336
1151 901 509 7.684 189 371 5.631 677 172 7.072 918 520 8.862 904 490 8.284 887 479 8.017 181 392 5.583 658 164 7.268 201 346 5.481 776 567 9.859
1201 839 587 9.603 254 267 5.573 785 219 6.619 868 581 9.792 848 563 9.412 826 569 9.145 242 286 5.327 763 216 6.42 274 247 5.819 662 517 9.999
1251 722 577 9.545 357 203 6.503 860 290 8.538 751 556 9.536 727 558 9.354 703 581 9.482 337 214 6.455 844 277 8.141 382 192 6.551 544 480 9.743
1301 603 556 10.08 473 171 6.05 841 401 6.108 627 537 9.676 606 536 9.494 583 555 9.819 454 178 6.001 825 388 6.501 497 165 6.493 424 450 9.29
1351 494 513 9.824 593 170 6.98 889 467 8.619 515 493 10.013 486 494 9.831 469 504 9.959 573 171 6.734 869 468 7.432 617 170 7.226 305 481 8.836
1401 382 465 9.568 679 249 7.515 869 561 8.561 400 447 9.56 372 448 9.575 352 454 9.506 661 241 7.269 893 538 8.955 697 258 7.761 213 561 8.383
1451 262 456 9.313 746 341 6.469 761 579 9.689 276 442 9.304 246 444 9.319 228 453 9.448 726 334 6.42 786 560 9.49 765 347 6.517 126 568 11.488
1501 162 420 12.417 805 424 6.608 646 537 9.829 182 422 11.42 194 403 11.831 179 390 12.355 791 409 6.955 666 530 10.025 820 438 6.261 188 490 10.837
1551 238 352 11.371 844 520 6.55 529 492 9.771 243 328 11.56 262 315 11.18 246 303 11.901 842 500 7.886 551 489 9.571 863 519 8.575 222 377 11.372
1601 301 255 12.697 877 590 9.062 414 445 9.713 320 249 12.49 346 227 12.506 326 230 12.832 838 564 9.409 434 446 9.513 838 589 9.901 282 270 12.5
1651 407 213 12.441 770 557 9.597 296 404 9.852 426 204 12.432 467 194 12.448 447 199 12.378 727 567 9.153 311 435 9.258 725 587 9.645 390 222 12.244
1701 525 203 12.976 646 549 9.539 249 331 12.364 545 202 12.967 584 207 12.587 565 203 13.111 611 564 9.293 197 426 11.374 605 583 9.785 505 204 12.779
1751 631 255 13.313 522 539 9.679 345 264 11.911 650 259 13.305 688 274 13.715 670 263 13.646 498 545 9.63 267 353 11.514 484 560 9.727 611 252 13.116
1801 683 352 13.453 401 512 9.423 457 215 12.643 699 364 13.247 730 389 12.669 716 375 13.193 381 519 9.572 348 262 12.049 362 526 9.471 665 342 13.454
1851 766 424 13.79 279 522 8.97 556 253 11.992 777 441 13.584 805 469 13.995 794 452 13.925 260 533 8.723 465 241 13.177 243 547 8.622 750 412 13.791
1901 773 537 14.72 178 567 10.493 625 309 13.318 784 553 15.107 797 590 15.913 786 573 15.448 160 560 11.433 580 265 13.712 161 540 12.32 762 521 14.524
1951 674 573 16.046 220 498 10.633 680 392 13.458 689 557 15.84 708 566 16.053 654 577 15.983 214 479 10.979 639 366 13.258 213 458 11.076 661 557 15.652
2001 559 546 15.988 246 395 11.365 756 442 14.586 570 529 15.979 590 532 15.995 530 551 16.123 257 372 11.514 738 430 14.189 268 352 11.413 542 535 15.791
2051 441 518 15.93 311 291 12.098 760 559 14.725 450 500 15.724 470 502 15.739 406 519 15.867 332 276 12.247 748 543 14.328 353 266 12.343 423 509 15.733
2101 318 518 15.477 424 273 12.435 670 575 15.853 328 501 15.27 348 500 15.484 284 530 15.019 446 267 12.98 650 579 15.654 465 259 12.681 298 517 15.082
2151 212 573 15.616 533 293 13.366 547 564 15.795 220 555 15.212 237 545 15.03 172 575 17.333 553 292 13.712 530 577 15.991 573 304 13.809 192 573 16.408
2201 167 551 18.523 625 352 13.11 431 532 16.133 184 523 18.515 190 544 18.333 194 505 18.461 643 361 13.259 412 536 16.131 663 362 14.344 204 484 18.326
2251 236 480 17.082 686 439 12.854 312 503 15.679 236 428 17.468 231 448 17.286 239 406 17.81 704 447 13.003 292 508 15.48 721 458 12.902 252 378 18.268
2301 276 383 18.21 713 525 13.587 206 490 17.796 311 349 18.003 296 364 18.019 328 335 18.147 714 545 13.538 205 470 18.584 734 545 14.03 354 315 18.21
2351 375 317 18.547 793 515 12.936 268 405 17.737 416 301 18.736 396 307 18.751 438 298 18.484 735 589 16.05 278 387 18.131 769 589 15.949 469 294 18.548
2401 481 331 19.28 787 580 15.843 365 345 18.668 523 335 19.469 503 334 19.286 541 346 18.822 622 579 15.597 385 337 18.666 657 564 15.693 560 352 18.687
2451 581 364 20.012 673 553 15.982 476 348 19.598 615 382 20.201 601 368 20.217 634 389 20.543 502 578 15.934 498 353 19.399 533 558 15.833 643 407 20.408
2501 656 437 19.361 557 532 15.331 582 404 19.342 692 455 19.946 674 445 19.566 710 463 20.287 389 537 16.073 601 413 19.341 411 534 16.17 725 476 20.746
2551 674 524 20.489 458 581 16.262 656 487 20.668 688 553 20.085 692 533 20.694 708 552 21.217 269 513 15.62 669 503 20.666 290 508 15.519 720 573 20.688
2601 574 589 22.21 350 526 16.006 587 556 21.796 609 577 22.202 608 556 22.019 627 565 22.147 220 457 18.922 589 576 21.992 210 475 18.624 649 566 22.211
2651 451 568 22.152 232 494 16.936 462 551 21.936 493 559 22.143 481 543 21.961 507 544 22.089 301 386 18.469 475 566 22.329 286 401 18.17 528 539 22.153
2701 325 556 22.489 279 423 17.471 339 542 22.075 373 542 22.283 356 532 21.903 386 527 22.031 414 355 18.411 356 552 22.271 393 359 18.507 406 526 22.095
2751 216 487 24.21 359 375 18.006 226 504 23.401 255 524 22.423 246 505 22.636 267 508 22.171 513 381 18.946 235 522 23.004 495 371 19.24 287 511 22.037
2801 283 406 25.141 464 377 18.937 243 424 25.32 228 459 24.934 264 415 25.345 251 443 24.287 608 418 19.283 231 439 25.318 591 408 19.38 234 478 23.955
2851 377 355 26.071 579 409 19.867 342 368 25.657 312 394 24.679 362 368 25.485 340 387 24.229 665 515 19.621 323 377 25.458 650 502 19.915 297 407 24.688
2901 489 398 25.222 624 500 18.82 448 380 25.797 416 402 25.016 469 392 25.427 451 400 25.16 647 588 22.33 432 391 25.597 632 572 21.833 396 401 25.223
2951 587 434 26.943 625 563 21.727 556 395 26.925 525 397 26.342 580 414 26.95 560 415 26.288 531 570 21.877 541 409 26.33 515 582 21.973 505 397 25.956
3001 637 531 27.676 510 582 22.065 603 485 26.867 583 485 26.284 631 512 27.288 611 512 26.23 410 569 22.016 594 502 25.679 396 584 22.113 565 477 26.095
3051 588 581 28.606 391 575 22.007 559 553 27.995 542 564 27.807 585 555 28.218 569 571 28.346 290 566 21.958 549 583 28.388 272 574 22.055 542 544 27.619
3101 478 562 28.351 271 584 21.356 442 557 28.134 421 587 28.54 462 549 28.16 459 569 28.486 223 530 24.47 442 579 28.528 234 511 23.973 425 567 28.154
3151 358 555 28.293 188 552 24.856 321 561 28.076 303 589 28.482 339 551 28.102 339 571 28.23 255 422 24.412 322 581 28.272 271 410 24.508 303 570 27.7
3201 262 574 27.642 197 466 23.809 221 574 27.425 185 590 27.831 242 571 27.451 231 589 27.579 358 378 24.749 209 589 27.621 376 368 25.439 198 574 27.247
3251 171 589 28.572 272 411 24.344 132 563 29.344 119 533 31.331 151 586 28.974 131 585 29.695 463 396 24.691 114 574 30.726 483 397 24.788 114 554 31.142
3301 207 550 30.293 371 385 24.089 213 510 30.076 224 493 29.296 203 529 30.497 184 553 31.021 527 434 27.005 181 533 31.063 543 447 27.299 192 513 30.887
3351 223 460 30.037 445 405 25.81 236 419 31.6 249 403 32.005 231 438 30.242 209 474 30.568 541 529 25.168 209 445 31.4 559 538 25.265 215 426 31.817
3401 318 433 30.177 529 443 27.135 344 401 30.553 361 389 30.563 328 413 30.381 304 447 30.114 564 565 27.877 288 436 30.947 569 584 28.369 305 418 30.968
3451 409 373 31.898 529 554 27.077 446 373 32.077 468 377 32.087 428 365 32.3 390 379 31.637 462 568 28.017 370 381 31.877 460 589 28.509 395 360 32.294
3501 490 435 33.223 447 578 28.205 508 472 32.809 524 485 33.215 499 455 33.033 474 446 32.172 360 567 28.354 454 443 32.017 344 583 28.451 467 427 33.027
3551 524 524 32.375 328 578 28.345 573 557 32.751 591 567 33.157 556 547 32.184 536 540 31.917 250 582 27.506 510 537 31.168 227 590 27.404 500 520 31.782
3601 522 547 34.293 229 589 27.298 531 582 34.868 554 571 34.878 535 563 34.696 501 587 34.824 167 590 27.448 515 573 34.668 146 590 27.346 502 556 34.097
3651 398 549 34.433 148 589 27.833 426 565 34.81 438 548 34.622 418 547 34.638 378 582 34.766 71 578 29.959 403 569 34.61 65 559 30.846 383 563 34.631
3701 278 558 33.98 72 551 31.334 308 566 34.554 316 547 34.366 296 550 34.184 254 590 33.719 147 533 30.494 288 577 34.355 157 514 29.8 267 575 33.783
3751 180 577 33.724 163 497 29.101 216 590 33.705 230 575 33.715 205 572 33.731 145 590 33.661 148 441 31.425 196 589 33.704 164 429 31.521 165 590 33.725
3801 89 590 33.864 190 423 31.02 144 590 33.845 164 590 33.855 126 580 33.87 49 590 33.999 220 379 30.774 109 590 33.843 231 361 31.463 69 590 33.864
3851 11 572 36.968 275 399 31.95 62 587 35.764 84 588 35.378 45 575 36.382 45 524 37.696 300 404 31.309 30 559 36.75 326 404 30.812 24 539 37.76
3901 106 545 37.306 368 366 32.09 126 549 37.089 147 523 36.309 128 530 37.115 145 484 35.662 387 373 32.437 113 517 37.483 406 365 32.928 135 505 36.911
3951 176 484 37.248 449 431 32.229 186 464 37.031 176 430 38.03 191 445 37.452 206 424 37.58 470 432 32.576 169 454 37.82 489 442 32.87 183 411 38.039
