1 1.391 -2.193 -1.982 -2.341 -2.016 2.201 -2.264 -1.647 -0.617 -2.931
51 3.785 -1.723 -0.83 -2.363 -1.949 3.52 -1.985 -1.904 -0.875 -3.268
101 4.584 -0.918 -1.367 -1.868 -0.641 3.62 -1.153 -1.869 0.601 -3.555
151 4.232 -0.646 -0.318 -2.054 -0.469 3.802 -1.132 -1.918 1.196 -2.858
201 4.997 -0.028 -0.626 -1.479 -0.552 3.938 -0.786 -0.676 1.982 -2.775
251 6.072 1.245 -0.658 -0.792 -0.372 4.108 -0.406 0.073 2.313 -2.631
301 6.295 1.746 -0.387 -0.346 -0.167 4.089 0.128 -0.005 2.699 -2.446
351 6.236 2.371 0.986 -0.119 -0.221 5.043 0.929 -0.07 2.874 -2.212
401 6.188 2.768 1.063 -0.171 -1.489 5.003 1.641 -0.119 3.403 -2.125
451 5.3 3.119 2.217 -1.243 -0.282 5.532 2.289 -1.74 3.51 -1.828
501 4.803 3.28 2.623 -1.242 -0.318 5.462 2.707 -1.046 3.584 -1
551 5.391 3.513 3.219 -0.569 0.256 5.606 3.184 -0.713 3.775 -1.064
601 5.561 3.662 3.265 -0.418 1.193 5.541 3.335 -0.345 3.958 -0.925
651 6.65 3.903 3.463 -0.09 2.232 5.523 3.471 0.736 4.058 -0.783
701 7.191 4.094 3.667 0.935 2.74 5.625 3.725 1.181 4.854 -0.842
751 8.279 4.544 3.923 2.438 2.991 6.13 3.935 2.303 4.502 -0.868
801 8.851 4.594 4.027 2.665 3.276 7.291 4.083 2.771 5.544 -0.693
851 9.225 5.51 4.617 3.019 3.533 7.345 4.723 3.066 5.704 -0.435
901 9.578 5.437 4.224 3.323 3.695 8.751 4.28 3.367 5.399 0.086
951 9.795 5.375 4.779 3.526 3.996 8.612 5.584 3.558 5.348 1.04
1001 10.043 5.356 4.914 3.815 4.073 9.118 5.726 3.847 5.499 1.411
1051 10.515 5.566 5.503 4.325 4.525 9.534 5.881 4.361 5.698 2.154
1101 10.353 6.083 5.467 4.075 5.078 9.807 5.402 4.161 6.223 2.812
1151 11.208 6.777 5.638 5.26 5.93 10.199 5.573 5.528 7.285 3.211
1201 11.748 7.088 6.008 5.907 5.833 10.203 5.823 5.968 7.666 3.474
1251 12.195 8.451 6.545 6.107 6.328 10.389 6.351 6.189 8.489 3.902
1301 12.466 8.961 7.812 6.061 6.021 11.913 7.146 6.158 9.075 3.971
1351 11.641 9.346 8.276 5.49 4.982 11.395 7.87 5.591 9.387 4.928
1401 10.451 9.634 8.709 4.994 5.071 11.274 8.469 4.517 9.666 4.767
1451 12.838 10.208 9.259 5.83 6.448 11.625 9.23 6.142 10.226 5.083
1501 12.953 10.377 9.635 7.62 7.214 12.119 9.671 6.778 10.522 5.295
1551 14.209 10.568 9.829 8.27 7.93 12.549 9.832 7.805 10.638 5.767
1601 15.062 11.539 10.199 8.984 8.595 13.671 10.195 8.743 12.179 6.159
1651 15.602 11.505 10.589 9.449 9.179 13.905 10.642 9.252 12.062 7.352
1701 16.157 11.506 11.88 10.042 9.706 14.764 11.421 9.828 12.179 7.4
1751 16.344 12.106 12.508 10.08 9.962 15.631 11.744 10.023 12.721 8.425
1801 16.599 12.952 12.594 10.793 10.532 16.192 11.889 10.596 13.651 9.158
1851 18.116 14.12 12.776 12.005 11.18 16.247 12.299 11.606 14.788 9.632
1901 18.248 15.036 14.257 12.122 11.489 16.712 13.974 11.545 15.007 10.079
1951 18.19 15.439 15.163 12.248 11.646 18.037 14.975 11.39 15.743 10.542
2001 18.777 16.051 15.653 13.366 13.35 17.772 15.506 12.708 16.613 11.486
2051 19.775 16.239 16.263 14.167 13.581 17.975 16.275 14.334 16.398 11.523
2101 21.057 17.052 16.87 15.392 15.097 18.942 16.796 14.483 16.787 12.499
2151 21.806 17.824 17.683 15.887 15.709 20.567 17.353 15.362 18.43 13.538
2201 22.227 17.58 17.86 16.272 16.167 21.478 17.564 15.898 18.321 14.444
2251 22.867 18.146 18.081 16.555 16.489 21.572 18.267 16.482 18.859 15.228
2301 23.556 18.916 18.676 18.22 17.527 21.989 19.221 17.116 19.588 15.829
2351 23.197 19.872 19.537 17.016 16.439 22.898 19.757 17.003 19.934 16.557
2401 24.37 21.481 21.332 18.66 18.876 24.009 20.445 17.938 20.86 17.116
2451 24.263 21.313 21.151 18.192 18.357 24.021 21.263 18.136 20.96 17.339
2501 25.296 22.123 22.076 19.333 18.654 24.497 22.09 19.184 22.032 18.075
2551 25.997 22.873 22.707 20.067 19.449 25.344 22.812 20.077 22.63 18.902
2601 26.877 24.468 23.53 21.201 21.331 26.743 24.002 20.662 23.227 19.697
2651 27.936 24.007 23.747 21.587 21.164 27.674 23.798 21.24 23.657 21.234
2701 28.867 24.938 24.639 22.714 22.024 28.132 24.9 22.158 24.445 21.638
2751 29.201 25.205 24.829 23.111 22.533 28.609 25.024 22.693 24.711 22.385
2801 29.429 26.427 26.224 23.516 23.295 29.217 26.611 23.468 25.743 23.146
2851 30.326 25.95 26.003 24.066 23.757 29.941 26.564 23.98 25.992 23.679
2901 30.989 26.902 27.3 24.62 24.212 30.359 27.55 24.307 27.332 24.186
2951 31.652 28.129 28.295 25.179 25.102 31.23 28.309 24.93 28.041 25.094
3001 32.601 28.516 29.167 26.238 26.435 32.613 29.151 26.079 28.621 25.941
3051 32.423 28.923 29.053 26.532 26.128 32.72 29.282 26.345 28.868 25.811
3101 34.038 29.89 30.21 27.948 27.222 33.555 29.774 27.664 29.723 27.431
3151 34.373 30.459 30.427 28.851 28.08 34.103 30.512 28.56 30.197 28.427
3201 34.828 31.282 30.897 28.622 28.696 34.772 31.443 28.603 31.102 28.713
3251 35.606 31.423 30.392 29.515 29.693 35.708 31.44 29.547 30.084 29.491
3301 35.969 32.812 31.949 31.078 30.062 36.235 33.004 30.312 32.066 29.623
3351 36.646 31.942 31.641 30.349 30.548 36.951 31.593 30.555 32.404 30.546
3401 36.477 32.914 32.142 31.322 30.328 36.892 33.076 30.923 32.633 30.67
3451 37.79 33.898 33.355 31.385 31.411 37.813 33.98 31.885 33.491 31.745
3501 37.911 34.774 34.49 32.381 31.407 37.635 35.06 32.627 34.706 31.912
3551 38.85 34.804 34.737 32.519 32.586 38.475 34.929 32.321 34.753 32.304
3601 39.547 35.98 35.963 33.049 33.459 39.763 36.284 33.423 36.079 33.285
3651 40.713 35.686 35.725 33.857 33.867 40.791 36.161 35.263 35.851 34.492
3701 40.538 36.599 36.355 34.056 34.001 41.142 37.155 34.786 36.782 34.488
3751 41.238 36.978 36.868 35.224 35.061 41.407 37.69 35.388 37.01 35.159
3801 42.376 37.557 37.773 36.215 36.158 42.334 38.229 36.048 37.386 35.856
3851 42.264 38.492 38.624 36.584 36.208 42.716 38.974 35.968 38.294 35.891
3901 43.579 39.68 38.988 37.25 37.016 43.62 39.364 36.667 39.381 36.854
3951 43.698 40.658 40.443 37.298 36.96 44.159 40.192 36.969 40.498 37.209
