1 288 435 -1.754 1129 359 0.051 739 339 0.801 205 398 -1.275 1099 456 2.108 89 573 0.641 1078 580 1.616 962 217 -2.056 381 97 -1.681 686 51 -3.074
51 266 335 -2.01 1109 422 2.562 834 358 1.534 229 299 -1.728 1085 543 3.236 56 558 5.327 1001 548 3.732 942 116 -1.719 451 28 -0.553 584 42 -3.132
101 182 273 -3.452 1000 480 2.9 794 448 2.86 146 282 -3.17 975 527 3.573 112 456 5.269 899 478 3.674 948 16 -0.986 552 9 -0.809 459 50 -3.388
151 79 252 -1.731 879 477 3.435 687 492 2.604 52 231 -1.054 860 486 3.515 153 340 4.816 783 433 3.221 1046 10 -0.254 649 9 -0.669 343 89 -3.841
201 50 140 -1.196 759 446 3.179 629 569 3.732 42 122 -0.716 743 458 3.26 141 223 3.176 666 458 2.372 1152 45 1.269 743 9 -0.727 271 184 -4.492
251 133 75 -0.265 637 452 2.726 530 513 3.674 138 56 0.015 623 470 2.609 98 157 5.49 594 532 3.303 1135 143 2.199 840 9 -0.588 207 239 -2.178
301 249 68 0.071 525 495 1.284 440 538 3.22 261 52 0.353 511 513 1.365 131 59 6.025 479 527 2.849 1144 236 2.536 942 9 -0.448 132 166 -1.841
351 344 41 -0.579 505 567 3.4 345 557 2.174 358 26 -0.1 483 581 3.679 241 19 6.363 368 529 2.198 1045 289 2.676 1027 60 1.074 144 69 -0.515
401 447 33 -0.439 396 520 3.54 260 540 4.093 470 19 -0.553 376 525 3.423 358 37 6.502 282 536 4.117 936 340 2.618 1095 159 2.005 249 17 0.414
451 554 10 -0.695 281 484 3.482 169 506 2.849 575 9 -0.611 262 489 3.365 471 26 5.654 189 497 2.477 828 393 2.56 1019 236 2.54 360 54 0.356
501 652 10 -0.753 177 466 4.412 126 440 5.36 672 9 -0.669 156 474 4.888 575 9 5.596 140 458 5.187 728 457 2.699 917 298 2.482 471 29 -0.689
551 750 9 -0.614 202 360 5.145 189 330 5.302 771 10 -0.727 198 379 5.226 674 10 5.538 183 354 5.326 613 491 3.037 816 364 2.424 575 9 -0.747
601 850 10 -0.672 242 244 4.494 223 217 3.861 873 9 -0.588 241 264 4.772 772 9 5.677 224 238 4.478 494 499 2.979 735 445 2.959 676 9 -0.607
651 960 10 0.06 161 196 4.238 136 167 5.582 985 14 1.132 181 202 3.726 873 9 5.817 146 184 4.815 375 500 3.118 619 474 2.9 774 9 -0.666
701 966 81 2.374 203 165 6.354 232 140 6.512 961 107 2.26 223 160 6.435 958 45 8.526 205 144 6.536 266 461 3.653 501 497 3.04 882 16 1.252
751 883 173 2.118 323 162 5.703 335 115 4.279 885 200 2.202 342 143 4.993 883 138 8.468 322 142 5.687 170 474 4.584 384 483 3.18 871 121 2.182
801 827 283 2.258 328 68 4.855 363 23 6.791 828 303 2.54 338 41 5.133 819 246 8.41 319 46 6.025 191 375 5.119 273 458 3.912 813 227 1.927
851 734 357 1.805 407 74 5.192 471 42 5.942 727 375 1.691 422 45 6.261 739 336 8.352 396 57 6.362 208 261 4.27 201 367 3.459 738 316 2.066
901 693 454 2.735 521 27 5.925 589 10 6.477 702 472 3.61 538 18 6.203 709 442 9.282 501 24 6.106 188 145 5.003 122 324 4.982 705 422 2.601
951 582 507 3.072 642 16 6.657 705 48 7.012 595 486 2.959 661 23 6.738 611 473 9.224 622 12 6.641 253 49 5.933 144 209 4.924 595 461 2.148
1001 460 499 3.607 706 104 7.785 733 151 7.547 480 500 3.691 717 121 7.866 500 475 9.759 693 89 7.769 367 34 6.863 180 95 5.459 481 480 3.276
1051 348 449 4.142 762 205 8.32 776 249 8.873 382 447 4.028 772 223 8.599 387 428 9.701 751 189 7.909 476 59 6.41 272 24 6.192 364 438 3.613
1101 242 398 3.689 692 286 8.262 684 323 7.431 295 386 3.575 694 306 8.145 277 378 8.853 687 266 8.048 598 75 6.549 388 34 6.925 260 390 3.16
1151 182 308 5.212 683 397 7.809 683 433 8.362 221 314 4.11 675 415 7.099 214 335 11.167 681 377 7.793 696 145 7.48 497 60 6.471 201 317 4.881
1201 158 211 3.573 599 457 9.53 581 469 9.292 190 214 2.866 619 465 9.808 205 227 9.527 603 437 9.118 651 238 8.41 592 124 7.599 173 225 4.23
1251 158 137 5.887 476 482 9.472 462 496 9.827 141 161 5.971 504 451 9.355 171 162 11.644 488 466 9.456 658 340 7.957 641 229 8.332 177 141 4.567
1301 185 73 5.829 374 441 10.797 358 429 10.757 205 82 4.727 402 415 10.087 201 61 10.795 384 423 10.386 621 422 9.678 646 340 8.867 197 40 6.288
1351 274 70 6.561 319 346 9.949 285 341 8.327 291 60 6.843 328 328 9.436 270 50 13.307 303 334 8.747 520 440 8.829 541 388 8.611 305 45 7.219
1401 377 96 5.317 229 330 10.484 202 329 11.432 394 85 5.401 243 345 10.762 360 110 11.667 215 344 11.258 412 455 9.364 436 440 9.541 412 76 5.579
1451 477 56 7.434 215 222 9.833 195 219 10.978 495 64 7.518 234 233 10.309 451 51 13.586 216 242 11.003 296 426 10.097 316 421 9.879 513 74 7.695
1501 557 136 7.573 198 126 12.147 210 101 11.711 570 150 7.46 217 121 11.239 543 121 13.725 222 143 11.34 211 337 10.632 231 341 10.414 587 162 7.835
1551 607 234 8.504 288 77 12.484 313 44 12.839 609 254 8.588 290 45 13.158 599 216 14.458 302 61 12.27 172 219 11.167 187 232 10.949 617 273 8.765
1601 581 343 8.643 398 78 11.833 437 70 12.188 582 363 9.123 378 87 12.111 581 323 14.598 417 71 12.212 202 100 11.899 205 120 11.681 579 383 9.696
1651 482 372 8.387 500 101 13.356 537 122 13.909 480 392 8.867 479 94 13.239 496 357 15.133 520 106 13.735 306 35 12.632 293 51 12.414 461 396 8.056
1701 414 448 9.713 554 196 14.484 573 227 14.839 395 454 9.797 543 179 14.367 425 432 15.865 556 217 14.27 421 70 12.376 401 70 12.554 396 474 10.568
1751 299 402 9.655 555 306 14.822 557 335 15.967 280 411 10.134 557 285 14.507 322 394 16.005 570 318 15.794 506 137 12.911 490 124 13.089 315 415 10.312
1801 219 332 10.981 453 343 13.973 448 362 14.13 208 314 11.065 464 314 14.449 229 315 16.738 471 333 14.945 545 223 15.027 543 203 14.81 245 330 10.65
1851 221 225 11.318 393 414 15.891 386 433 16.642 197 196 11.6 427 397 15.972 216 199 16.482 412 411 16.073 529 324 14.969 523 305 14.949 233 209 10.394
1901 250 139 11.655 299 418 16.229 279 414 17.177 240 101 12.925 321 389 15.716 222 126 18.796 317 409 16.608 450 370 14.911 443 352 13.508 241 121 12.115
1951 341 100 12.19 262 328 17.357 240 310 17.514 356 86 13.658 259 306 16.647 334 121 17.75 277 315 16.748 344 396 15.842 393 388 16.217 321 106 13.045
2001 448 105 12.725 244 229 17.101 199 199 18.049 468 107 13.205 217 207 17.182 426 104 18.68 237 210 16.097 243 343 16.574 283 339 16.357 406 109 12.196
2051 528 176 14.446 265 144 17.834 252 106 18.782 541 192 15.321 245 135 18.507 516 160 20.203 262 123 17.818 180 242 17.109 198 252 16.891 503 146 13.72
2101 483 278 13.598 336 83 19.357 357 80 19.712 482 299 13.682 329 102 18.845 483 258 20.145 321 70 19.736 189 120 18.04 195 139 17.822 477 239 13.859
2151 429 362 14.923 447 94 19.497 467 96 19.852 424 381 16.193 425 95 18.589 447 354 21.866 404 109 18.097 283 42 18.772 273 59 18.554 453 334 15.383
2201 322 351 15.458 510 169 20.032 523 185 19.991 308 366 16.531 490 158 19.322 342 355 22.599 473 140 19.62 401 63 19.9 381 64 19.485 349 337 15.72
2251 227 298 16.784 480 250 20.171 488 269 21.515 209 289 16.473 497 240 21.438 255 306 22.936 487 223 21.144 483 145 20.238 471 129 20.217 244 289 16.057
2301 168 198 17.912 438 352 21.695 437 372 22.05 168 177 17.601 443 333 20.985 203 209 23.471 450 314 20.888 468 256 20.97 470 236 20.95 188 195 17.185
2351 217 112 18.447 319 364 22.23 344 360 22.387 227 69 18.926 340 341 21.322 235 102 23.808 360 336 22.016 377 325 22.098 389 305 21.88 221 88 18.511
2401 325 86 17.401 202 333 22.765 253 346 22.922 344 52 20.054 222 340 22.845 330 66 25.332 239 328 22.156 259 326 22.238 278 319 22.218 310 74 19.244
2451 410 121 18.331 139 231 23.3 187 270 23.457 431 119 18.613 150 256 23.776 394 110 25.274 158 238 22.493 173 252 22.971 193 251 22.555 380 126 18.395
2501 474 164 21.436 161 115 24.625 182 171 23.992 458 181 20.927 163 164 24.311 457 154 27.39 146 136 24.807 166 134 24.296 179 149 23.881 457 134 21.104
2551 492 251 21.18 265 44 24.172 263 85 23.539 495 271 20.671 250 103 24.45 483 234 26.739 242 83 24.749 244 63 25.029 264 64 23.625 472 217 19.86
2601 411 326 19.936 372 30 25.893 352 36 25.655 431 323 21.601 336 50 25.183 424 304 26.681 315 49 25.679 326 33 25.959 339 18 26.137 432 285 20.791
2651 341 375 23.436 457 116 25.439 447 98 26.388 360 383 23.322 429 108 25.125 370 366 28.6 409 112 24.83 391 102 25.506 415 93 26.079 385 353 22.314
2701 268 292 21.006 455 202 27.556 468 186 27.713 302 304 22.473 473 164 27.637 289 288 27.949 455 172 27.342 442 156 27.029 461 149 27.602 314 288 22.256
2751 193 296 23.913 464 300 27.102 474 283 27.853 211 303 23.601 464 251 26.985 192 320 29.867 458 271 26.493 445 249 25.983 450 230 26.358 230 310 23.186
2801 157 210 22.471 380 333 29.219 413 319 28.981 178 206 21.764 425 303 28.706 187 223 28.821 391 317 28.807 400 299 28.099 416 285 28.277 207 219 21.942
2851 141 132 24.983 262 337 29.161 318 314 28.528 131 150 24.869 325 289 27.462 152 150 30.542 279 326 28.354 298 320 28.239 307 297 27.033 152 168 24.256
2901 225 53 25.122 177 262 30.091 245 282 29.458 216 88 24.613 236 264 28.393 229 73 30.286 197 264 29.482 224 285 29.762 217 266 28.951 234 97 23.605
2951 336 40 26.053 125 145 30.626 188 191 28.807 305 65 25.346 164 187 29.521 311 42 32.205 135 162 30.215 174 204 29.704 146 178 30.079 325 57 24.931
3001 450 61 25.797 199 49 30.173 205 92 29.935 413 74 24.497 186 100 30.846 395 67 31.554 196 69 30.354 200 115 30.437 178 82 31.01 427 60 25.861
3051 460 155 26.134 305 25 32.091 286 29 32.051 452 113 27.009 258 61 31.579 443 130 32.682 263 22 32.273 278 48 31.762 258 42 31.94 463 134 26.989
3101 492 247 28.448 406 12 31.638 378 10 31.4 484 200 27.346 353 63 30.335 499 214 33.81 355 30 31.227 375 32 30.518 344 46 30.893 480 231 27.524
3151 415 312 27.995 479 101 32.964 452 69 33.121 424 283 27.288 440 87 32.056 443 277 34.345 432 66 32.75 463 90 32.635 415 79 32.417 433 302 28.059
3201 297 325 28.53 482 226 33.499 464 165 33.261 316 318 28.416 469 204 32.393 336 296 34.089 444 167 32.494 488 197 33.763 462 185 32.556 339 316 28.792
3251 183 274 29.46 411 326 34.429 434 252 33.796 202 280 29.149 425 311 34.312 221 284 35.415 425 272 33.425 445 272 34.298 428 292 33.882 245 280 28.734
3301 156 150 30.193 285 328 34.964 334 298 34.331 166 168 29.882 305 325 35.045 172 187 36.345 320 313 34.553 354 301 34.833 336 325 35.208 192 189 29.664
3351 210 38 30.53 177 276 36.487 225 288 35.459 207 57 30.417 195 285 35.975 195 78 37.078 209 299 36.076 244 280 34.577 244 300 35.743 215 82 29.804
3401 317 33 32.251 158 148 36.232 182 183 36.191 287 34 32.138 171 166 36.115 280 54 38.206 197 210 36.216 201 190 35.507 216 204 35.685 303 48 31.722
3451 420 19 32.391 218 44 37.557 198 72 37.517 385 36 31.091 216 64 37.045 369 49 36.962 209 129 36.948 208 90 37.228 212 109 37.01 402 26 31.862
3501 475 108 33.519 344 10 37.499 296 38 37.854 443 89 32.812 325 17 37.778 424 83 38.88 300 73 36.89 316 35 37.17 308 53 36.952 456 104 32.397
3551 461 225 34.251 463 30 39.418 387 25 38.587 461 187 33.94 443 30 38.708 443 179 39.415 397 42 37.425 427 17 38.891 411 28 38.476 455 206 33.723
3601 436 326 33.798 479 152 39.755 430 116 38.924 442 286 33.684 471 133 39.638 430 270 38.764 453 125 39.146 467 108 39.822 447 105 39.406 436 305 33.862
3651 362 352 34.531 461 274 40.686 451 221 39.064 357 333 33.231 458 254 39.778 374 323 40.09 465 235 40.076 458 202 39.961 438 203 38.755 343 359 33.607
3701 278 352 36.252 356 331 40.825 399 292 40.785 298 357 35.94 368 315 40.313 309 342 41.416 387 308 40.809 392 270 40.101 380 286 39.685 263 338 36.316
3751 223 265 34.019 266 280 41.558 321 261 41.518 247 273 34.894 286 280 41.639 248 253 39.974 304 272 41.542 302 252 41.229 284 261 41.209 203 269 34.281
3801 162 210 35.147 179 255 42.488 225 237 41.657 157 249 36.417 199 255 42.173 165 230 42.09 220 256 42.077 204 236 41.764 185 236 41.941 145 199 35.211
3851 107 127 37.264 127 177 42.825 146 170 41.797 112 162 36.952 142 190 42.708 100 146 43.614 161 184 41.821 131 156 41.903 120 141 42.081 103 105 37.921
3901 177 88 37.799 188 121 43.756 215 91 43.518 169 129 37.685 199 136 43.441 169 109 43.951 210 111 43.542 192 101 43.822 198 81 44 215 69 37.665
3951 252 51 37.741 272 55 43.105 288 22 43.262 274 92 36.441 283 73 41.999 263 75 43.3 288 41 42.1 270 36 43.764 251 27 44.337 269 15 38.002
