1 845 151 2.74 163 307 -2.512 483 496 -2.457 422 555 2.671 332 218 -0.503 347 12 1.071 543 277 2.852 328 530 1.761 830 219 -2.809 711 489 2.708
51 766 208 1.694 149 209 -1.779 390 465 -3.504 328 538 3.403 423 171 -0.561 436 56 0.024 578 313 -0.763 244 526 3.284 770 266 -5.437 618 454 3.639
101 785 322 1.241 80 158 -3.616 277 495 -2.771 215 497 3.543 532 111 -0.421 553 38 -0.23 675 239 -0.623 131 513 1.842 798 381 -4.902 505 402 3.581
151 771 432 2.764 62 123 -0.116 162 460 -3.225 101 493 4.078 650 69 -0.084 671 21 -0.881 781 175 -0.286 65 491 4.552 758 468 -3.181 387 364 2.93
201 654 466 2.904 180 101 -0.57 72 445 -1.504 51 389 4.415 770 51 -0.735 757 9 -0.939 903 153 0.05 32 378 4.296 642 486 -3.437 320 441 3.267
251 536 498 3.043 255 8 -0.825 77 324 -1.364 40 270 4.752 879 60 0.59 832 9 -0.998 1019 190 0.783 23 258 5.226 523 514 -3.099 219 412 2.22
301 417 491 3.381 338 9 -0.883 102 202 -1.224 86 164 5.287 979 134 0.927 912 10 0.525 1082 294 1.318 76 147 5.761 400 502 -2.96 155 465 4.139
351 300 459 3.52 417 9 -0.941 166 107 -0.689 176 90 5.427 1037 239 1.858 956 109 1.455 1067 391 3.039 174 70 5.901 282 468 -2.82 59 434 4.279
401 189 417 2.276 503 9 -0.802 229 26 -0.747 249 11 5.567 988 350 1.602 945 233 1.595 1007 456 1.399 277 9 5.645 171 427 -4.262 21 330 4.814
451 105 430 3.997 595 9 -0.662 313 9 -0.805 349 9 5.509 958 461 2.73 970 352 1.734 938 511 2.923 375 9 5.587 86 436 -1.553 27 210 4.756
501 63 326 3.741 688 9 -0.72 403 10 -0.666 442 9 5.451 847 508 2.869 947 460 2.862 825 550 2.865 466 9 5.727 44 333 -1.611 18 91 4.895
551 31 226 4.276 783 9 -0.581 497 9 -0.724 535 9 5.59 729 548 3.009 841 500 2.409 709 579 3.202 559 9 5.471 11 227 -1.273 69 18 6.814
601 32 122 4.416 884 9 -0.441 589 10 -0.782 626 9 5.532 606 553 3.346 735 553 2.944 590 565 3.342 652 9 5.611 14 114 -0.936 178 72 5.965
651 69 32 5.544 923 73 2.267 682 9 -0.642 720 9 5.672 484 541 3.288 616 573 3.084 468 553 3.284 746 9 5.553 61 14 0.389 262 14 5.512
701 183 17 5.091 891 183 0.826 777 9 -0.7 817 9 5.614 364 525 3.428 497 579 3.223 347 535 3.423 843 9 5.692 161 44 -0.064 353 9 5.454
751 274 9 5.626 928 294 1.361 877 9 -0.363 923 16 7.532 251 483 3.568 377 567 3.363 232 489 3.761 936 38 8.6 243 11 -0.715 446 9 5.594
801 368 9 5.568 931 402 3.082 918 69 2.345 891 112 8.463 151 417 3.707 262 534 3.503 131 420 3.702 879 141 8.146 339 9 -0.773 537 9 5.535
851 459 9 5.51 821 426 1.64 866 176 1.101 888 224 7.219 47 363 4.242 154 481 3.84 27 361 4.435 905 253 7.693 431 9 -0.831 630 9 5.477
901 551 9 5.451 789 507 3.163 866 284 2.229 865 317 8.742 50 255 4.777 61 406 3.979 31 248 5.365 859 339 8.425 524 9 -0.691 723 9 5.617
951 645 9 5.591 671 508 3.105 818 394 2.369 820 417 8.882 86 144 4.521 21 302 4.91 66 139 5.307 814 437 9.158 616 9 -0.749 820 10 5.559
1001 738 10 5.533 551 521 3.047 718 438 2.904 709 456 9.417 103 44 5.056 48 185 4.852 92 27 6.04 695 471 9.298 709 9 -0.807 926 17 7.675
1051 835 9 5.673 432 530 3.187 598 452 3.044 585 467 9.359 197 12 5.591 66 67 4.794 187 36 5.389 572 482 9.437 805 9 -0.668 867 88 8.803
1101 921 41 8.975 313 513 3.326 477 455 3.183 463 469 9.498 296 9 5.533 124 37 6.91 268 10 5.529 448 482 9.577 910 16 1.25 778 172 7.955
1151 828 108 8.719 200 472 3.664 359 436 3.521 343 446 9.836 390 9 5.475 222 45 4.875 362 9 5.471 325 455 9.914 858 89 2.576 807 283 7.897
1201 749 203 8.266 99 408 3.803 248 392 3.265 229 400 9.382 481 9 5.615 296 10 5.608 453 9 5.61 211 409 9.066 762 168 2.32 752 369 8.629
1251 761 315 8.801 21 319 4.734 141 401 3.8 123 410 10.313 574 9 5.557 387 9 5.55 545 9 5.552 103 406 10.391 752 275 1.471 721 457 9.56
1301 687 389 6.964 45 206 5.071 55 326 4.137 35 324 10.65 668 10 5.499 480 9 5.492 639 10 5.494 15 324 11.322 691 359 1.413 608 445 9.304
1351 637 453 9.871 82 92 4.815 40 218 4.672 22 200 10.789 763 9 5.639 572 9 5.631 734 9 5.634 19 220 11.461 653 443 3.332 488 457 9.246
1401 524 411 9.813 114 25 6.734 36 92 4.614 22 78 11.522 869 10 6.767 666 9 5.573 834 9 5.773 40 112 11.403 542 403 3.472 368 462 9.583
1451 410 370 9.755 216 62 5.095 86 36 6.335 95 17 12.848 847 70 9.081 761 10 5.515 883 56 9.273 112 29 12.333 426 360 3.413 250 441 9.723
1501 292 336 9.697 291 10 5.63 200 43 4.696 204 21 11.406 735 115 8.825 865 14 7.434 769 96 9.018 221 9 11.88 309 325 3.355 141 391 9.665
1551 214 384 9.639 384 9 5.572 268 9 5.626 300 9 11.743 647 198 7.778 813 77 9.155 666 164 8.367 321 10 11.822 218 364 2.902 42 333 10.397
1601 139 370 9.581 476 9 5.513 361 9 5.568 393 9 11.883 673 311 8.116 701 131 8.702 668 272 7.913 416 9 11.764 119 371 2.251 30 223 11.328
1651 59 355 11.104 568 9 5.653 453 9 5.51 485 9 11.825 654 410 9.441 634 230 7.655 661 390 9.041 508 9 11.904 50 336 4.763 63 108 11.072
1701 48 236 10.651 663 9 5.595 545 9 5.649 578 9 11.767 546 466 9.186 642 341 9.179 559 433 8.786 601 9 11.846 21 225 4.705 94 17 13.188
1751 51 121 11.383 763 9 5.735 639 9 5.591 673 9 11.907 427 478 9.523 578 420 9.318 443 465 9.518 696 9 11.985 38 106 5.437 199 69 11.944
1801 123 35 12.116 829 51 9.235 737 9 5.731 774 9 12.244 306 462 9.663 468 424 9.458 322 451 9.658 801 10 12.915 120 16 6.565 272 12 11.886
1851 203 13 12.849 718 80 9.177 814 39 9.231 797 52 15.546 191 414 10 348 416 9.598 211 409 9.995 786 73 15.625 230 9 5.717 363 9 11.828
1901 302 9 11.802 609 129 8.723 704 51 9.371 683 84 15.29 90 347 9.744 230 396 9.737 110 343 9.739 660 76 15.567 328 9 5.461 452 9 11.77
1951 389 9 11.744 562 230 7.282 582 72 8.917 578 149 14.639 14 262 11.465 122 345 10.074 33 270 11.065 544 115 14.52 416 9 5.403 539 9 11.712
2001 477 9 11.686 576 342 9.2 529 170 7.476 573 260 14.581 61 155 12 25 286 10.807 77 168 11.402 561 221 14.265 504 9 5.542 624 9 11.654
2051 563 9 11.826 501 423 9.538 521 289 8.406 515 362 14.919 135 67 12.14 46 176 11.54 150 80 11.344 519 335 14.8 592 9 5.682 707 10 12.584
2101 661 9 12.163 387 411 9.48 431 365 9.336 406 401 15.849 202 10 11.489 91 64 11.086 180 22 12.275 418 385 15.73 693 10 6.415 706 64 15.689
2151 672 57 15.465 264 394 9.817 314 360 9.674 281 384 15.989 294 9 11.826 147 39 13.203 274 9 11.821 297 372 15.87 693 64 9.322 585 87 15.236
2201 554 93 15.21 147 340 9.956 204 323 9.813 167 338 16.326 383 9 11.768 221 19 11.563 362 9 11.763 185 330 16.207 574 90 8.868 499 163 13.399
2251 492 191 14.559 32 296 10.689 90 288 9.755 51 298 16.663 471 9 11.71 301 9 11.703 450 9 11.705 71 294 16.347 488 169 8.217 498 250 15.713
2301 401 258 15.291 29 174 11.422 57 201 11.081 32 213 17.791 555 9 11.652 387 9 11.843 534 9 11.647 39 192 17.672 397 238 8.752 383 268 14.864
2351 344 344 16.024 67 56 11.166 90 84 11.023 86 105 17.733 634 9 11.792 475 9 11.785 614 9 11.787 72 75 17.614 354 327 9.287 344 364 16.387
2401 230 314 15.373 139 30 12.887 175 14 12.941 168 34 18.268 681 55 15.687 568 9 11.924 695 41 15.287 138 50 18.94 246 301 9.229 262 313 16.132
2451 112 292 16.106 241 11 11.841 287 9 11.697 264 9 18.012 563 62 15.827 655 9 11.668 588 62 15.624 227 23 17.893 133 291 9.962 150 281 16.073
2501 14 221 17.629 336 9 11.783 378 9 11.639 356 9 17.954 441 71 15.176 718 49 15.762 464 66 15.369 300 9 18.033 32 229 10.892 52 231 16.806
2551 57 113 18.164 420 9 11.725 460 9 11.779 440 9 18.094 400 168 14.722 606 47 15.704 398 145 14.52 388 9 17.975 58 138 11.823 73 125 17.539
2601 118 17 19.094 505 9 11.667 546 9 11.721 525 9 18.036 354 267 14.269 483 60 15.448 350 245 14.066 473 9 18.115 136 52 11.567 124 35 17.283
2651 208 24 17.652 585 9 11.806 626 9 11.663 605 9 17.978 280 298 16.188 367 100 14.599 274 280 14.404 560 9 18.057 227 11 11.509 197 43 17.818
2701 295 9 17.99 681 10 13.132 710 37 14.965 698 21 20.49 186 287 16.129 358 206 14.343 207 299 16.718 655 9 18.592 317 9 11.648 262 9 17.958
2751 381 9 18.129 657 60 15.841 615 68 15.698 626 50 22.013 72 260 16.269 282 276 15.274 103 257 16.067 667 43 22.092 403 9 11.788 350 9 18.097
2801 468 9 17.874 532 55 15.783 491 66 15.64 503 50 21.955 16 165 17.792 170 276 15.809 32 177 17.392 547 41 22.034 488 9 11.532 435 9 18.039
2851 548 9 18.409 408 67 15.33 372 87 15.187 383 71 21.502 77 64 18.723 59 239 16.344 88 81 17.927 428 64 21.778 569 10 12.66 521 9 18.179
2901 583 52 22.106 326 131 13.097 346 162 13.349 330 151 19.269 179 12 19.06 24 140 17.867 161 26 18.265 332 112 20.139 564 64 15.765 603 42 21.679
2951 463 58 21.851 334 208 15.609 310 224 15.268 335 228 22.374 272 9 17.816 71 33 17.611 252 11 17.811 335 189 21.662 441 70 15.509 494 58 22.016
3001 341 79 21.595 234 249 15.551 203 275 16.001 220 263 22.118 343 9 17.758 158 51 19.135 323 9 17.951 241 230 21.604 322 94 15.056 370 72 21.761
3051 320 160 20.153 118 244 15.691 80 254 15.943 100 251 22.06 414 9 17.898 235 13 17.891 394 9 17.893 137 236 21.941 328 182 14.8 302 142 19.528
3101 255 212 21.281 39 193 17.412 15 165 17.861 21 185 23.979 491 9 17.84 299 9 18.03 471 9 17.835 58 187 23.267 242 236 15.335 277 202 21.842
3151 151 230 22.409 61 86 16.958 26 52 17.606 33 77 23.921 574 11 19.561 388 9 18.17 552 9 18.567 51 69 22.418 128 231 15.673 164 215 21.982
3201 32 199 22.747 113 19 18.877 77 18 19.327 83 55 25.049 541 57 22.072 484 9 18.112 563 54 22.068 87 36 25.325 12 200 16.405 53 196 22.714
3251 20 135 24.468 224 10 18.028 184 44 18.28 203 50 23.607 419 51 21.817 564 9 18.251 442 47 21.812 205 23 23.883 33 111 17.929 38 144 23.842
3301 84 39 25.003 309 9 17.97 245 9 18.025 266 12 24.34 320 98 19.782 612 54 22.147 326 79 20.568 287 9 24.221 69 13 19.057 98 53 23.982
3351 185 31 24.549 387 9 17.912 326 9 17.967 346 9 24.282 343 178 22.294 496 50 22.089 352 160 21.893 367 9 24.163 165 45 18.998 206 12 24.715
3401 280 10 24.293 465 9 18.052 404 9 17.909 424 9 24.224 268 235 22.038 374 63 21.833 273 214 20.847 445 9 24.302 254 11 18.15 304 9 24.261
3451 367 9 24.433 545 9 18.389 485 9 18.048 505 9 24.363 166 262 21.782 312 126 19.403 182 240 20.987 525 9 24.442 344 9 18.092 389 9 24.401
3501 462 10 24.375 583 64 22.087 582 14 20.165 595 29 27.468 105 204 23.503 290 186 21.915 124 210 23.498 596 49 28.337 437 9 18.231 484 9 24.541
3551 559 23 26.887 462 67 22.029 513 38 21.886 505 57 28.201 34 144 23.643 264 260 21.461 53 151 22.847 487 67 28.477 538 16 20.15 575 35 27.448
3601 480 52 28.212 339 80 21.773 397 52 21.827 381 64 28.143 27 45 22.992 197 219 22.787 45 58 22.592 361 69 28.024 460 50 22.069 492 68 28.378
3651 355 58 27.957 282 151 19.936 280 87 20.979 267 104 26.701 53 28 25.503 114 237 22.729 94 20 25.499 262 123 25.989 335 64 21.615 371 70 28.122
3701 247 119 26.515 240 219 21.855 272 176 21.909 280 195 28.422 172 49 24.655 75 149 22.473 188 12 25.045 279 215 28.5 256 144 19.778 267 120 27.471
3751 204 224 26.852 167 279 23.18 192 241 20.665 207 253 28.364 249 10 24.399 27 63 23.206 272 9 24.394 186 268 27.849 225 222 21.697 218 204 27.018
3801 130 202 29.166 113 191 22.332 118 218 23.177 154 213 29.294 330 9 24.143 52 23 25.322 350 9 24.138 134 235 29.57 151 193 22.627 133 182 28.343
3851 48 203 29.504 10 202 23.262 27 195 23.514 83 184 28.05 403 9 24.283 170 21 24.671 423 9 24.278 68 200 29.315 59 182 21.581 38 178 27.89
3901 56 136 30.039 33 131 23.797 22 105 23.851 57 99 28.387 496 10 25.609 249 9 24.613 518 16 26.394 48 116 29.652 38 93 22.313 16 82 29.018
3951 71 46 29.19 57 61 24.53 31 50 24.979 40 25 31.492 472 49 28.12 343 9 24.16 466 69 28.511 52 40 30.978 19 25 25.418 58 11 31.727
