1 854 253 -3.097 613 534 -1.261 257 254 1.208 919 421 1.221 244 206 1.182 603 186 0.091 332 425 -1.095 473 442 2.547 750 500 3.129 399 95 -2.009
51 753 236 -2.958 583 438 -1.912 319 306 -0.035 1011 422 0.175 301 286 0.135 703 204 0.231 385 339 -0.56 397 501 1.501 652 470 3.466 405 15 -0.881
101 629 224 -3.213 534 323 -1.97 435 331 1.29 1102 483 1.303 416 323 1.066 821 244 0.371 492 276 -0.42 413 589 3.617 532 464 2.618 495 9 -0.543
151 504 228 -3.271 477 212 -2.028 429 447 2.22 1090 569 3.222 416 432 1.996 922 313 1.103 612 245 -0.083 303 559 3.164 435 532 2.362 603 10 -0.601
201 381 245 -3.527 427 98 -1.69 350 543 2.953 973 560 3.361 342 524 2.531 944 431 1.045 734 230 0.253 183 553 3.106 333 580 3.292 709 9 -0.462
251 278 308 -4.771 465 14 -0.562 237 569 3.29 859 523 3.501 226 552 2.868 926 526 2.569 830 302 0.788 63 566 3.246 212 579 3.234 817 9 -0.52
301 318 387 -3.643 571 10 -0.62 122 556 3.232 744 476 3.443 103 570 3.206 823 581 3.301 824 405 1.719 20 500 4.967 89 584 3.374 928 9 -0.38
351 216 435 -3.899 678 9 -0.481 33 498 4.36 626 436 3.385 27 519 4.927 705 566 3.441 857 494 3.044 24 383 3.92 14 538 5.095 1047 11 0.352
401 216 526 -3.759 785 9 -0.341 21 380 3.907 507 401 3.327 33 397 4.276 593 524 3.581 751 490 3.579 9 312 4.257 41 422 4.642 1136 88 1.875
451 138 497 -2.829 905 10 0.193 12 265 5.43 384 382 3.269 10 299 4.415 482 469 3.522 636 449 3.324 46 204 5.188 13 329 4.188 1171 184 2.015
501 37 495 -3.085 1021 51 0.728 69 155 5.174 259 375 3.013 52 188 5.148 367 420 3.464 542 485 1.684 109 96 5.525 33 222 5.119 1106 270 2.352
551 37 418 -1.759 1113 132 1.658 147 60 5.709 163 425 1.176 120 84 5.485 245 399 3.011 471 572 3.01 209 24 6.06 95 114 5.456 1018 352 2.294
601 10 347 -2.608 1051 214 1.995 260 16 6.442 168 536 3.094 224 24 6.416 143 455 1.174 355 567 3.347 331 13 6.2 189 38 6.386 933 437 2.236
651 10 267 -1.084 1074 301 2.728 383 10 6.186 62 528 3.234 347 14 6.16 95 517 3.488 239 539 3.289 455 10 6.142 311 22 6.13 850 524 2.375
701 78 169 -0.945 972 327 3.263 505 10 5.93 35 469 5.153 470 9 6.102 35 436 5.011 120 525 3.033 575 9 6.084 434 10 6.072 756 582 3.306
751 159 76 -0.608 849 327 2.81 626 10 6.07 33 356 3.711 591 9 6.044 13 330 3.965 9 526 4.755 698 11 6.421 554 9 6.014 643 547 3.643
801 273 29 -0.27 806 394 0.775 748 23 6.803 12 257 5.037 714 13 6.579 27 227 5.686 42 415 4.696 809 61 6.956 676 10 6.352 535 486 3.585
851 396 10 0.066 767 440 3.484 847 96 6.745 82 162 5.374 815 80 6.718 104 131 5.43 10 312 4.243 910 133 6.898 785 62 6.887 426 427 3.527
901 521 13 0.008 647 424 2.833 953 161 7.082 167 71 5.711 924 140 7.056 198 52 5.965 44 208 5.371 1005 212 7.235 894 121 7.026 309 385 3.271
951 645 18 0.148 606 492 1.589 964 271 8.605 282 27 6.049 954 248 8.381 318 20 6.105 121 111 5.511 967 298 8.561 939 226 8.154 185 383 2.818
1001 763 57 0.485 533 523 3.508 892 374 8.35 405 11 6.386 890 352 8.521 442 13 6.244 223 42 6.046 895 394 8.503 885 333 8.492 100 446 0.388
1051 845 137 1.613 424 470 3.845 819 473 8.687 529 16 6.526 818 453 8.661 566 17 6.582 344 14 6.185 819 492 8.84 815 433 8.631 95 511 3.295
1101 860 247 2.148 318 408 3.392 720 546 9.024 649 48 6.665 724 526 8.998 684 58 6.721 468 20 6.523 713 565 9.177 724 506 8.968 17 472 5.016
1151 884 341 2.288 197 378 3.136 600 564 9.757 765 94 6.805 617 554 9.731 794 114 7.059 590 40 6.465 588 580 10.108 610 536 9.306 11 366 3.574
1201 809 422 2.427 79 400 2.09 496 525 10.094 803 189 8.328 512 513 10.068 812 211 8.384 697 92 7 477 518 10.05 494 506 9.841 9 301 4.109
1251 721 503 2.369 105 482 2.625 399 456 10.036 816 290 7.479 414 442 10.01 833 301 7.931 785 169 8.325 371 449 9.992 395 436 9.98 41 204 5.435
1301 631 579 3.102 22 456 4.939 292 393 9.78 774 363 9.003 308 380 9.754 777 383 9.257 750 282 8.465 266 382 9.934 285 374 9.725 122 111 5.574
1351 516 561 3.439 20 353 3.892 173 365 9.525 674 419 8.352 188 352 9.498 674 441 8.21 675 378 8.604 144 358 9.283 164 347 9.271 223 42 6.109
1401 411 504 3.974 9 262 4.427 66 401 8.281 609 521 8.689 71 380 8.65 609 541 8.943 604 479 8.546 62 421 6.655 51 389 8.225 346 27 6.249
1451 318 423 3.718 71 180 5.555 84 492 9.409 505 568 9.619 80 467 8.394 497 586 10.071 511 548 9.279 50 491 8.969 15 459 11.132 470 33 6.784
1501 213 358 3.463 159 94 5.695 62 576 7.967 397 546 9.957 83 566 8.929 377 547 10.408 401 526 9.616 13 490 11.48 19 360 10.283 565 100 6.331
1551 95 330 3.009 272 46 6.23 20 551 11.467 288 495 9.899 28 520 11.243 283 457 10.152 297 476 9.954 43 378 10.039 9 263 10.621 668 161 6.668
1601 8 336 3.742 395 58 6.369 55 439 11.013 178 436 9.841 48 399 10.592 189 375 10.094 187 419 9.698 9 308 9.981 48 175 12.539 746 243 8.587
1651 9 264 3.882 514 87 6.707 9 333 10.165 58 423 8.992 11 309 10.138 81 314 9.641 70 407 9.245 9 244 10.12 155 126 11.888 670 322 7.342
1701 12 170 5.603 611 148 8.23 9 240 10.502 67 499 7.945 9 217 10.476 23 255 10.176 16 407 11.756 25 155 12.83 263 69 12.621 651 414 8.668
1751 115 153 5.742 609 257 6.591 44 153 13.014 18 496 11.05 68 156 12.79 20 157 12.49 12 310 10.315 137 140 11.981 387 70 12.76 572 503 8.61
1801 225 96 6.08 630 333 8.707 156 140 11.967 36 381 10.201 179 123 11.941 129 155 11.839 9 209 10.652 249 88 12.318 509 95 13.098 482 580 9.54
1851 347 80 6.219 635 422 8.847 266 83 12.502 9 284 10.341 294 80 12.476 235 92 12.374 80 165 12.571 373 79 12.656 561 175 14.621 366 564 9.68
1901 470 96 6.754 563 493 6.812 390 80 12.642 12 177 11.864 418 84 12.813 357 80 12.711 188 117 12.117 493 107 13.191 586 269 14.563 251 531 9.622
1951 499 193 7.684 532 557 9.719 466 158 13.968 115 163 12.004 482 171 13.941 450 143 14.037 304 81 12.652 514 210 13.726 626 357 14.307 133 507 9.564
2001 548 297 7.231 416 531 9.859 505 268 13.119 223 113 12.934 523 280 13.093 488 256 12.991 392 135 14.175 564 308 13.47 552 414 14.842 20 515 10.099
2051 569 403 8.557 306 483 9.801 551 367 14.445 344 136 13.074 563 384 14.814 541 350 14.514 461 204 13.92 571 423 14.993 549 503 15.575 51 421 11.029
2101 478 477 9.289 201 424 9.94 471 458 14.98 419 215 12.621 492 461 15.546 478 439 15.049 514 291 13.466 472 496 15.923 441 509 15.715 12 315 10.378
2151 366 486 9.429 87 395 8.894 347 479 15.515 470 298 13.353 379 470 15.686 360 464 15.584 499 379 13.211 345 500 15.865 321 514 15.657 9 215 10.716
2201 246 490 9.371 61 471 7.65 225 490 15.456 489 398 13.888 256 469 15.628 235 472 15.526 489 453 15.327 221 509 15.61 201 526 15.599 75 170 12.634
2251 128 501 9.313 20 479 10.952 108 513 15.398 416 469 15.214 132 480 15.57 109 493 15.27 393 520 14.874 96 529 15.354 83 547 15.54 185 133 12.379
2301 42 493 10.836 31 365 10.103 39 534 17.515 309 531 15.354 24 481 16.896 26 517 16.793 296 580 16.002 11 497 17.668 21 540 17.657 288 166 13.507
2351 40 371 10.185 10 269 10.441 62 422 17.061 195 540 16.086 25 359 16.442 47 409 17.131 178 552 16.141 36 391 16.622 53 440 17.401 397 209 13.251
2401 10 273 10.325 23 165 12.755 28 324 16.41 88 487 16.226 9 248 16.779 9 313 16.677 69 493 16.479 10 293 16.564 16 344 16.552 445 291 14.576
2451 24 168 12.837 120 193 11.511 10 233 16.748 33 393 16.563 41 157 19.687 9 209 17.212 18 406 18.002 11 186 18.087 9 261 16.692 479 374 15.309
2501 127 192 11.988 218 180 12.243 63 194 19.259 10 290 16.703 152 181 18.838 78 181 19.526 11 325 16.56 102 198 18.622 41 184 19.599 421 446 13.867
2551 245 190 12.523 337 196 12.778 172 192 18.806 38 198 19.61 273 189 18.78 193 190 18.875 10 219 17.886 221 188 18.959 146 202 18.75 371 538 14.995
2601 350 227 13.651 400 274 13.511 290 207 19.736 142 215 18.366 367 238 20.105 309 214 19.806 99 226 18.618 331 220 19.89 263 200 19.878 266 578 15.926
2651 410 336 14.581 426 370 14.837 364 299 20.271 242 243 18.901 423 350 21.036 381 308 20.538 201 222 19.746 396 321 20.622 348 287 20.216 149 554 15.67
2701 420 452 14.128 441 485 14.976 383 406 19.818 343 295 20.226 428 470 20.582 398 418 20.085 307 272 19.886 408 436 19.971 370 390 19.762 32 556 16.403
2751 383 542 15.256 388 562 15.511 368 505 20.946 355 398 18.982 369 559 19.931 375 524 21.213 340 380 19.235 363 540 20.111 363 485 20.89 25 456 17.333
2801 289 553 15.791 312 555 16.046 264 555 21.876 364 487 21.889 292 574 22.443 269 575 22.341 356 469 21.154 251 582 22.227 276 537 21.821 12 355 16.089
2851 173 519 15.93 194 518 15.988 138 536 22.016 266 534 22.029 185 535 22.583 161 542 22.481 260 515 21.293 131 555 22.762 153 523 22.158 9 283 16.624
2901 51 496 15.477 78 478 15.93 36 533 22.551 154 555 22.564 72 497 22.525 62 514 22.818 156 536 21.631 17 540 23.692 42 514 21.309 22 178 18.938
2951 19 404 17.989 20 383 16.663 52 455 23.679 42 535 22.901 38 401 23.06 40 422 23.55 53 518 21.968 34 463 23.832 28 438 23.821 96 241 18.88
3001 10 312 16.349 9 284 16.209 28 345 22.632 33 455 23.832 23 298 22.408 10 332 22.702 26 426 23.887 28 366 22.588 10 354 22.774 190 235 19.81
3051 9 228 16.489 9 188 16.744 16 266 22.772 20 344 22.785 9 208 22.943 9 248 22.841 13 325 22.84 9 305 22.728 9 285 22.914 289 281 20.543
3101 27 129 19.396 63 144 20.244 10 165 23.702 9 256 22.925 46 131 26.641 14 144 24.76 9 233 22.98 9 211 23.065 9 189 23.054 307 374 19.694
3151 83 211 19.931 112 246 18.605 73 160 26.609 22 174 25.437 93 235 25.595 66 196 26.283 31 156 26.282 53 161 26.367 50 140 26.554 336 467 21.613
3201 169 227 19.478 205 244 20.524 135 239 25.563 93 257 24.983 185 239 26.723 153 248 24.446 80 241 25.829 116 254 24.728 103 240 25.705 302 556 21.555
3251 242 274 19.617 272 303 18.291 222 275 25.307 193 289 24.727 255 293 24.886 234 292 24.784 174 281 24.98 213 293 24.67 201 271 25.449 198 566 22.09
3301 313 328 21.14 323 356 21.198 297 317 27.226 268 325 26.646 303 367 27.002 305 347 27.098 259 307 26.899 288 336 26.984 280 308 26.973 79 563 22.032
3351 331 430 20.687 344 445 21.14 318 415 26.773 298 419 25.6 349 466 26.746 325 449 25.656 285 398 25.852 312 434 25.542 305 400 26.519 21 514 23.753
3401 317 502 21.815 316 523 22.268 300 491 27.703 281 505 26.332 289 551 28.863 294 532 28.365 281 483 26.98 299 513 28.054 299 470 27.647 36 397 22.904
3451 217 504 21.955 215 523 22.012 195 516 28.04 170 549 27.46 172 569 28.607 189 553 28.505 179 531 27.713 198 535 28.193 195 496 27.787 10 319 22.648
3501 105 513 21.897 102 532 22.152 81 540 28.18 66 576 29.181 46 576 29.34 91 570 29.04 74 559 28.643 97 552 28.728 86 521 27.927 9 244 22.59
3551 28 439 23.222 46 453 23.28 16 478 30.099 32 515 30.112 18 500 30.27 56 494 29.773 35 491 29.969 35 471 29.856 17 455 30.043 11 160 24.311
3601 10 333 22.571 27 340 22.234 15 377 28.854 50 401 29.461 31 395 29.026 59 382 28.924 40 377 28.923 29 359 28.81 10 354 28.996 66 196 26.23
3651 9 226 22.711 11 246 22.769 9 287 28.994 18 347 29.007 9 329 28.968 28 299 28.866 9 309 29.062 26 277 28.95 9 266 29.136 134 185 25.183
3701 16 122 24.827 10 141 24.094 9 204 29.331 9 268 29.147 9 248 29.107 25 216 29.005 9 228 29.202 11 184 29.287 9 162 29.671 161 259 26.707
3751 77 175 26.351 63 160 26.408 34 104 32.436 10 176 29.88 10 156 30.631 21 118 31.517 18 138 31.318 45 131 32.787 64 127 32.974 231 288 26.056
3801 153 204 25.7 137 216 24.571 90 191 32.378 55 205 32.194 70 192 32.352 62 173 32.645 87 211 32.051 93 230 30.95 115 225 30.741 258 380 25.009
3851 193 294 26.037 201 272 26.885 162 245 32.913 139 277 31.345 147 259 32.689 123 264 32.389 169 270 32.784 185 260 33.066 189 239 33.253 320 461 26.928
3901 293 343 26.77 272 340 26.432 219 309 32.064 229 327 31.287 199 306 31.84 198 326 31.145 247 337 31.144 259 322 32.811 241 311 32.602 238 511 27.858
3951 308 439 27.107 291 449 25.188 258 383 32.599 272 417 31.822 238 383 31.98 256 403 31.878 291 429 32.272 290 409 32.95 275 396 32.741 132 564 27.998
