1 525 580 -2.994 118 571 -0.54 107 24 1.552 62 136 1.398 633 524 -1.819 102 515 1.009 976 38 0.478 85 374 -1.515 526 500 2.742 34 538 -1.71
51 436 530 -2.656 137 494 -2.18 144 119 1.098 108 226 0.351 591 430 -2.075 54 521 4.312 1029 116 -0.172 142 295 -1.375 428 477 3.277 22 443 -1.768
101 318 490 -3.11 137 379 -1.447 232 188 -1.133 197 178 -0.892 537 318 -1.935 56 418 6.033 1122 183 0.362 197 200 -1.038 305 467 3.022 78 367 -0.245
151 211 518 -3.959 172 260 -1.11 289 92 -0.993 273 79 -0.357 506 199 -1.4 151 353 4.789 1160 268 2.28 265 99 -0.7 192 512 1.975 164 294 -1.291
201 149 588 -3.819 226 148 -0.97 397 23 0.331 378 31 -0.217 559 90 -0.667 184 234 5.126 1090 364 2.222 359 37 -0.363 129 587 2.51 209 178 -0.954
251 62 563 -0.714 331 94 -0.435 519 38 -0.121 497 46 -0.078 658 15 -0.528 264 144 5.661 1020 462 2.164 476 50 -0.026 64 543 5.813 306 109 -0.419
301 114 478 -2.156 448 60 -0.098 638 11 -0.377 617 13 -0.333 766 9 -0.586 370 79 6.591 978 564 2.106 595 22 -0.479 104 455 4.568 420 64 0.115
351 139 382 -1.226 569 35 -0.354 749 10 -0.633 729 10 -0.589 866 9 -0.644 489 71 5.94 883 561 3.234 709 9 -0.537 149 356 4.906 542 47 -0.337
401 173 264 -1.086 683 10 -0.412 854 10 -0.691 833 9 -0.647 960 9 -0.702 605 23 5.882 766 578 3.176 813 9 -0.595 186 238 5.441 657 11 -0.395
451 256 176 0.041 790 10 -0.667 952 10 -0.749 929 9 -0.705 1050 9 -0.76 717 9 5.824 647 572 3.513 909 9 -0.653 281 164 6.173 766 10 -0.651
501 368 129 -0.411 890 10 -0.725 1046 9 -0.609 1021 9 -0.763 1130 9 -0.62 821 9 5.766 534 525 3.653 1001 9 -0.711 394 115 5.918 868 10 -0.709
551 485 92 -0.272 996 9 -0.19 1148 26 1.902 1126 20 1.55 1157 64 2.681 928 9 5.906 419 478 3.397 1106 15 1.206 514 82 6.057 973 9 -0.174
601 606 61 -0.132 1058 80 2.123 1092 106 2.437 1072 103 2.282 1058 133 2.03 1022 52 8.22 297 458 3.142 1052 99 2.137 634 50 6.395 1042 68 2.139
651 728 75 0.204 1035 184 1.472 1054 195 1.786 1057 216 0.841 1078 225 1.972 1005 164 7.569 175 482 2.688 1035 205 0.695 755 74 6.534 1015 183 1.093
701 850 101 0.146 1014 281 2.402 1034 281 2.518 1035 304 2.562 1022 329 2.507 995 276 8.301 111 449 5.793 1015 310 2.416 875 107 6.476 1000 297 2.023
751 961 149 1.472 965 385 1.751 967 364 1.867 981 398 1.911 996 436 2.054 946 388 7.453 165 348 4.944 982 422 1.567 981 161 8.197 964 408 0.977
801 930 251 1.414 931 482 2.286 912 472 2.204 939 500 2.446 932 540 2.589 919 500 8.383 216 236 5.479 943 519 2.695 942 268 7.546 923 522 2.105
851 945 360 2.146 835 533 2.821 820 550 2.739 844 551 3.178 834 588 3.519 823 569 9.313 318 170 5.817 844 571 3.23 955 377 8.674 812 586 3.233
901 896 467 1.693 710 542 3.158 690 549 3.077 729 533 3.12 725 569 3.659 706 562 9.651 430 116 6.154 735 552 3.37 906 486 8.221 685 568 3.57
951 843 567 2.821 586 526 3.1 569 535 3.019 604 517 3.062 605 537 3.403 586 546 9.593 552 94 6.096 623 527 3.312 847 587 9.744 563 555 3.512
1001 719 577 2.961 464 512 3.042 448 523 2.961 482 504 3.202 484 524 3.345 466 531 9.732 675 83 6.433 501 510 3.254 739 579 9.686 441 542 3.454
1051 599 578 3.298 340 501 2.984 327 517 3.1 358 494 3.144 366 513 3.287 347 520 9.477 761 145 7.561 379 498 3.196 617 565 9.43 314 531 3.198
1101 480 546 3.438 215 512 2.531 206 531 2.449 233 502 2.69 245 518 2.833 227 528 9.023 835 229 6.515 256 501 2.742 499 536 9.965 190 545 2.349
1151 364 499 3.38 119 581 2.868 100 587 3.775 135 567 2.237 161 578 2.578 137 588 9.163 904 304 8.433 161 556 2.289 385 487 9.71 87 570 5.059
1201 242 486 2.926 100 534 5.973 89 515 6.089 108 501 5.935 134 536 5.089 116 547 12.07 886 403 5.806 122 515 5.591 262 473 9.256 127 472 5.594
1251 141 464 4.45 129 447 5.124 133 426 5.042 145 388 5.481 149 438 4.241 138 487 11.023 913 453 9.306 141 407 4.94 165 478 10.187 159 364 5.536
1301 176 364 4.985 180 345 5.066 188 317 5.182 211 285 5.226 198 335 4.973 162 403 11.361 808 496 7.864 201 303 5.08 170 383 11.315 225 260 5.478
1351 228 256 5.52 237 238 5.799 263 214 6.112 300 199 5.958 257 233 5.508 207 290 11.5 793 583 9.585 282 207 6.01 216 272 11.652 322 188 5.815
1401 329 194 5.659 344 180 5.741 378 159 5.857 413 141 5.9 361 170 5.648 298 219 11.838 681 559 9.922 395 150 5.952 313 206 11.791 434 134 6.152
1451 436 133 5.996 456 128 6.078 495 118 5.996 533 107 6.04 475 123 5.985 399 147 12.175 571 500 9.666 514 112 6.092 417 139 12.326 555 102 6.094
1501 557 102 6.136 577 99 6.217 617 96 6.334 657 100 6.575 597 97 6.323 518 111 12.315 453 487 9.213 637 97 6.429 537 106 12.466 678 104 6.629
1551 652 154 6.869 671 151 7.148 707 170 7.066 743 187 6.714 688 162 7.055 614 147 13.245 335 515 9.353 725 176 7.162 634 146 13.396 761 194 6.966
1601 718 255 7.601 736 246 7.88 761 271 7.799 786 290 7.842 741 266 7.788 689 231 13.978 215 503 9.69 766 290 7.697 707 238 13.931 791 310 7.699
1651 781 352 6.357 795 339 7.032 822 360 6.753 854 383 6.796 802 358 6.544 749 330 12.931 153 437 11.609 837 374 6.65 768 337 12.885 872 393 7.246
1701 824 438 6.695 848 422 8.555 864 442 8.869 864 480 8.912 844 442 8.462 811 408 14.059 206 328 11.353 871 461 8.964 828 418 14.408 860 499 9.164
1751 758 523 8.811 784 491 9.09 788 512 9.206 764 549 9.052 775 532 8.997 748 505 14.594 279 229 11.888 796 530 9.302 769 506 15.141 760 573 9.304
1801 646 561 9.346 662 521 9.032 676 535 9.346 654 579 9.587 666 561 9.532 635 544 15.129 380 157 12.225 687 551 9.441 657 543 15.478 634 585 9.641
1851 527 570 9.486 536 532 9.172 556 535 9.288 546 574 9.727 548 554 9.474 508 564 15.269 499 126 12.563 571 548 9.581 529 550 15.618 510 584 9.583
1901 407 578 9.625 411 542 9.114 434 533 9.23 426 572 9.669 428 552 9.416 384 570 15.408 602 166 13.691 452 541 9.523 401 559 15.56 390 589 9.723
1951 290 570 9.567 286 551 9.253 312 531 9.172 312 569 9.611 306 550 9.358 254 579 15.548 690 230 13.83 331 538 9.465 269 563 15.502 274 583 9.665
2001 190 588 8.718 173 574 8.404 197 544 8.718 207 575 8.564 190 563 8.51 140 589 15.095 743 334 13.97 215 552 9.012 151 573 14.653 161 589 8.816
2051 89 587 10.439 70 583 10.916 107 560 9.056 125 589 9.494 108 580 9.44 40 557 18.397 802 423 14.9 144 583 9.151 59 548 17.362 55 569 11.723
2101 114 529 12.358 93 532 12.44 114 508 12.358 122 548 12.006 133 511 11.952 97 498 18.734 735 512 14.644 135 531 11.663 138 471 18.49 127 490 12.258
2151 157 453 10.916 158 475 10.8 166 422 10.916 174 464 10.367 168 402 11.498 151 435 17.886 659 583 16.168 172 441 10.616 183 366 17.839 172 382 11.607
2201 186 346 11.649 184 375 11.335 214 310 11.451 198 362 11.297 224 292 11.638 194 328 18.025 549 531 16.11 209 341 11.349 248 258 18.177 236 275 11.747
2251 256 241 12.579 237 271 12.068 297 221 12.579 255 261 12.03 315 212 12.568 276 227 18.956 433 486 15.854 275 247 12.082 354 200 18.712 334 205 12.479
2301 367 197 12.324 341 222 12.01 415 183 12.126 360 216 11.972 434 175 12.312 396 188 18.502 310 471 15.598 385 205 11.826 473 164 18.851 453 169 12.421
2351 480 173 13.056 447 187 12.742 533 181 13.056 467 189 12.704 553 183 13.045 514 176 19.432 196 511 15.145 496 185 12.756 593 187 18.991 573 185 12.956
2401 575 229 13.789 549 235 13.475 617 259 13.394 566 247 13.239 637 262 13.58 605 242 19.967 114 501 18.645 586 248 13.489 657 271 20.119 641 282 12.898
2451 660 297 13.929 640 301 13.417 700 339 13.335 654 317 12.984 711 320 14.313 691 321 20.305 176 420 17.401 674 311 13.826 731 355 20.654 720 339 14.422
2501 710 397 14.068 690 402 13.557 741 440 13.87 709 417 13.519 743 420 14.452 725 428 19.851 237 323 17.936 727 408 14.164 772 465 21.387 758 451 14.364
2551 689 486 14.801 673 497 14.487 696 545 15.196 683 515 14.647 717 513 15.383 699 526 21.375 329 241 18.669 699 504 15.094 701 565 21.922 717 536 15.492
2601 594 533 15.336 575 553 15.22 582 589 15.929 570 572 15.379 614 543 15.72 595 574 22.107 438 253 19.599 596 553 15.629 612 585 22.259 616 564 15.829
2651 471 536 15.475 453 563 15.557 463 581 15.871 441 582 15.717 491 532 15.662 481 573 22.247 551 274 19.541 471 556 15.769 502 569 22.201 493 552 15.771
2701 350 531 15.615 328 556 15.894 343 571 16.208 317 573 16.252 369 524 15.604 363 563 22.387 651 330 20.471 347 551 15.908 386 547 22.143 366 544 15.91
2751 230 514 15.359 210 535 15.638 223 552 15.952 190 542 15.6 249 506 15.546 246 545 22.329 679 420 19.029 230 534 15.652 268 524 22.085 248 526 15.655
2801 113 518 16.29 94 523 17.755 98 550 17.871 103 502 18.31 135 520 15.488 125 559 23.061 676 488 21.146 113 538 16.978 151 533 21.829 133 540 15.992
2851 155 438 18.406 138 470 18.487 144 516 18.208 175 432 17.263 156 458 18 167 516 23.399 617 582 21.878 145 488 18.304 170 473 23.352 163 497 17.318
2901 229 353 18.348 185 380 18.825 173 429 18.15 249 344 17.996 210 358 18.93 186 413 24.131 508 563 22.413 174 397 18.641 205 377 24.48 196 396 17.853
2951 332 283 18.488 274 320 18.371 258 354 17.895 351 275 18.729 316 295 18.279 279 340 24.073 396 514 22.355 259 334 18.188 300 306 24.422 294 326 17.795
3001 446 291 19.418 374 278 19.697 342 303 19.023 466 293 19.264 426 292 19.407 376 298 25.399 274 495 21.704 358 290 19.513 411 279 25.946 392 286 19.516
3051 565 312 19.953 488 296 19.639 452 310 18.965 583 322 19.996 546 306 19.744 490 316 24.945 158 532 22.437 471 307 19.06 526 304 25.69 506 303 19.26
3101 644 401 20.883 585 350 20.174 555 350 19.895 663 406 21.322 631 385 20.674 589 370 26.073 175 474 23.763 570 363 19.595 613 378 26.423 605 359 20.388
3151 650 505 19.442 610 447 20.314 591 451 19.837 667 514 20.869 657 486 20.814 619 481 25.818 230 378 24.298 605 466 19.537 638 489 26.167 625 461 20.33
3201 633 566 22.151 600 535 21.442 587 550 21.36 627 585 22.392 630 545 21.942 611 574 28.329 336 339 24.437 590 570 21.653 592 589 28.481 608 554 21.853
3251 523 548 22.093 489 542 21.779 466 564 21.895 521 568 22.136 508 535 21.884 503 576 28.469 453 333 25.17 459 583 21.991 480 580 28.423 488 562 21.993
3301 405 530 22.035 364 534 21.919 345 554 22.035 405 550 22.276 384 533 22.024 385 554 28.609 522 407 25.112 335 571 22.526 356 571 28.76 365 554 22.133
3351 280 511 21.977 241 517 21.86 224 529 21.977 292 527 22.218 261 516 21.966 272 533 28.551 586 462 27.426 208 541 22.072 236 545 28.504 252 534 22.075
3401 165 514 21.721 127 517 23.384 115 502 24.291 178 529 21.962 147 521 22.303 157 539 28.493 572 571 27.566 95 507 25.177 118 535 30.225 137 539 23.005
3451 179 473 23.64 186 452 23.523 195 432 23.442 173 500 23.683 162 462 24.617 161 484 30.807 477 550 28.694 144 470 25.119 141 494 31.156 152 515 24.726
3501 238 385 24.768 255 374 24.849 273 367 24.372 212 416 24.416 217 382 25.35 224 400 30.749 365 505 28.438 198 401 25.259 192 420 31.295 196 439 24.075
3551 339 328 25.698 360 327 25.582 381 330 25.303 307 352 24.555 310 332 25.687 326 343 31.086 251 516 27.589 291 339 25.596 286 359 31.04 268 368 24.807
3601 454 348 26.233 473 355 26.71 492 361 26.826 416 349 25.486 420 330 26.222 435 343 32.412 160 585 28.322 401 333 26.131 396 352 31.575 377 346 25.54
3651 543 409 25.384 562 414 26.059 582 419 25.977 509 411 24.835 504 392 25.571 525 400 31.761 159 516 30.043 480 388 25.48 489 406 31.121 464 400 24.889
3701 579 496 26.512 575 519 25.21 593 511 26.512 560 490 25.765 559 462 26.699 574 475 33.086 201 428 30.38 542 450 26.608 544 475 32.249 527 463 26.017
3751 602 554 28.233 621 578 28.315 603 586 28.629 589 572 28.277 568 538 27.827 580 554 34.412 301 366 31.113 547 536 27.34 566 581 34.366 558 563 27.343
3801 489 549 28.175 522 554 28.454 504 562 28.373 484 569 28.416 452 553 27.966 464 569 34.551 413 369 32.241 444 570 28.073 473 587 34.901 450 589 28.471
3851 365 540 28.117 400 539 28.396 383 549 28.315 366 559 28.358 326 564 28.106 346 562 34.493 514 410 32.183 319 583 28.41 359 578 34.843 339 581 28.61
3901 239 537 27.862 280 534 28.141 262 542 28.059 247 555 28.103 202 566 27.06 225 557 34.04 520 502 31.927 197 585 27.364 238 573 34.587 219 576 28.157
3951 139 569 27.21 182 563 27.49 162 570 27.408 179 588 27.452 109 573 27.002 139 590 33.587 540 578 34.439 98 590 27.306 159 590 33.738 119 590 27.308
