1 1.965 -3.199 -3.209 2.293 0.055 0.834 2.112 2.166 -3.443 2.064
51 1.392 -2.549 -3.968 2.717 0.134 0.677 -0.225 2.726 -5.04 2.896
101 1.407 -3.087 -3.468 2.888 0.353 0.496 0.075 2.441 -4.79 2.815
151 2.055 -0.611 -3.525 3.336 0.623 -0.136 0.487 3.781 -3.949 2.314
201 2.196 -0.542 -2.24 3.648 0.024 -0.206 0.75 3.563 -4.111 2.612
251 2.349 -0.086 -2.09 3.978 0.934 -0.284 1.099 4.503 -3.826 2.436
301 2.641 -0.109 -1.948 4.562 1.093 0.867 1.306 5.163 -3.673 3.369
351 2.798 -0.182 -0.998 5.157 1.419 1.195 2.265 5.748 -3.509 3.523
401 2.516 -0.032 -0.031 6.272 1.441 1.348 1.474 6.368 -3.812 4.042
451 3.281 0.112 -0.033 6.283 2.006 1.482 2.169 6.36 -2.294 4.001
501 3.237 0.05 0.106 6.221 2.139 2.109 2.152 6.494 -2.386 4.303
551 3.659 0.193 0.05 6.365 2.277 1.867 2.441 6.237 -2.048 6.196
601 3.976 0.324 -0.014 6.302 2.578 2.23 2.577 6.385 -1.706 6.243
651 4.867 1.545 0.132 6.447 2.556 2.369 2.562 6.322 -0.292 6.26
701 5.654 1.124 0.07 6.387 2.709 2.514 2.717 6.468 -0.759 6.229
751 6.35 1.354 0.391 7.334 2.87 2.666 3.021 7.854 -0.023 6.368
801 6.34 2.307 1.602 7.787 3.051 2.828 3.072 7.648 0 6.308
851 6.283 1.583 1.19 7.477 3.517 3.129 3.679 7.614 -0.06 6.241
901 6.215 2.391 1.639 8.069 4.002 3.315 4.687 7.923 0.083 6.391
951 6.365 2.355 1.792 8.212 3.848 4.142 4.541 8.413 0.02 6.328
1001 6.301 2.353 2.17 8.648 4.619 4.086 5.272 8.552 -0.046 7.374
1051 6.448 2.509 2.309 8.625 6.002 4.338 5.912 8.693 0.105 8.036
1101 8.204 2.675 2.457 8.775 6.295 6.306 6.271 8.843 1.05 7.625
1151 7.97 2.974 2.764 9.082 6.25 5.552 6.246 9.155 1.803 7.724
1201 7.773 3.169 2.681 8.926 6.39 6.356 6.385 8.869 1.633 8.071
1251 8.126 3.959 3.12 9.576 6.33 6.325 6.325 9.65 1.421 8.785
1301 7.59 4.303 3.453 9.915 6.264 6.263 6.26 10.579 1.538 8.57
1351 9.122 4.201 3.921 10.123 6.413 6.407 6.408 10.701 2.557 8.59
1401 9.043 6.025 4.165 10.819 7.134 6.346 6.545 10.663 2.7 8.884
1451 8.982 5.723 5.589 12.104 8.316 6.281 8.553 11.575 2.641 9.067
1501 8.977 6.371 5.423 12.133 8.062 7.305 8.244 12.47 2.633 9.195
1551 9.058 6.345 6.342 12.514 7.654 8.4 7.796 12.591 2.59 9.733
1601 9.175 6.286 6.34 12.656 7.875 7.969 7.779 12.537 2.662 10.557
1651 10.352 6.428 6.283 12.599 8.67 7.679 8.347 12.679 3.994 10.433
1701 9.959 6.369 6.424 12.533 8.525 8.431 8.298 12.618 3.955 12.559
1751 10.629 6.508 6.365 12.681 8.813 8.582 8.797 12.76 4.663 12.675
1801 11.408 8.505 6.505 12.988 8.983 8.727 8.964 13.365 5.794 12.62
1851 12.607 8.423 8.506 14.824 9.297 8.892 9.277 14.916 6.289 12.602
1901 12.568 7.992 8.686 14.517 9.344 9.089 9.302 14.839 6.236 12.542
1951 12.518 7.628 8.142 14.078 10.725 9.433 10.29 13.986 6.17 12.473
2001 12.448 8.464 7.596 14.209 11.372 10.06 10.638 14.069 6.316 12.4
2051 12.598 8.779 8.041 14.496 11.378 10.78 10.576 14.421 6.456 13.208
2101 12.919 8.783 8.635 15.112 12.146 10.636 12.174 15.012 6.981 15.008
2151 14.722 9.104 8.952 15.293 12.585 12.507 12.567 15.197 8.612 14.461
2201 14.436 9.329 9.156 15.635 12.543 12.305 12.538 15.535 8.098 13.784
2251 14.151 9.96 9.396 16.018 12.475 12.477 12.472 15.831 7.81 14.938
2301 14.658 10.647 10.311 17.043 12.402 12.617 12.398 16.9 8.227 14.518
2351 15.264 10.718 10.477 16.969 12.559 12.557 12.554 16.978 8.647 15.619
2401 15.075 12.117 12.326 18.104 15.011 12.699 14.519 18.193 8.787 15.391
2451 15.643 12.53 12.469 18.767 15.205 12.416 14.922 18.647 9.371 15.538
2501 16.856 12.556 12.406 18.727 14.401 15.12 14.604 18.803 10.153 16.164
2551 17.408 12.495 12.551 18.869 14.244 15.043 14.115 18.746 11.091 16.789
2601 18.322 12.423 12.483 18.803 14.427 14.7 14.339 18.889 11.001 17.263
2651 18.411 12.576 12.411 18.733 15.422 14.048 14.679 18.825 12.257 18.567
2701 18.762 13.422 14.202 20.01 15.486 14.299 15.945 19.314 12.423 18.719
2751 18.903 15.227 15.016 21.36 15.836 14.873 15.687 21.479 12.563 18.871
2801 18.619 15.15 14.939 21.283 17.018 15.378 16.646 21.402 12.262 18.811
2851 19.165 14.56 14.418 20.727 18.008 15.93 17.169 21.038 13.229 18.954
2901 21.494 13.727 13.905 19.977 18.574 17.092 18.028 20.192 15.114 20.929
2951 21.135 14.874 14.728 21.602 18.591 17.192 18.583 20.974 14.767 21.359
3001 20.82 15.076 15.376 21.532 18.507 18.378 18.726 21.232 14.326 21.008
3051 20.413 15.546 15.726 21.908 18.655 18.637 18.653 21.755 14.419 20.151
3101 21.056 16.647 17.09 23.204 18.574 18.8 18.571 22.602 14.959 21.19
3151 21.863 16.661 17.067 23.28 19.723 18.942 19.288 22.845 15.516 21.661
3201 22.405 18.104 18.673 24.319 21.44 18.886 21.435 24.613 16.15 22.351
3251 23.723 18.697 18.598 24.271 21.101 19.025 21.097 24.639 17.156 23.09
3301 24.234 18.745 18.751 25.092 20.055 21.551 20.156 24.994 18.313 23.426
3351 24.794 18.676 18.742 25.056 21.537 21.475 21.121 24.926 18.271 25.03
3401 25.059 18.823 18.669 24.986 21.364 21.107 20.891 25.072 18.861 25.036
3451 25.205 19.149 18.818 25.135 21.584 20.026 21.329 25.217 18.865 25.176
3501 25.149 21.452 19.875 26.709 22.728 21.195 22.728 27.704 19.002 25.312
3551 26.329 21.365 21.2 27.507 22.948 21.154 22.533 27.889 19.865 26.694
3601 27.529 21.013 21.114 27.424 23.125 22.018 22.962 27.27 21.447 27.741
3651 27.202 20.411 20.396 26.628 24.869 22.116 24.786 26.549 20.848 27.389
3701 26.773 21.316 21.206 27.669 24.387 22.374 24.889 27.747 20.394 26.958
3751 27.37 22.408 21.177 27.826 25.107 23.084 25.136 27.74 21.313 27.356
3801 28.48 22.032 22.421 28.532 24.911 24.605 24.901 28.795 21.992 28.161
3851 28.85 22.649 22.794 28.328 25.054 24.512 25.047 28.714 22.063 28.416
3901 29.303 23.077 23.171 28.858 25.92 25.236 26.131 29.145 22.699 29.167
3951 29.419 23.759 24.233 30.755 27.409 24.927 27.936 30.207 24.762 31.017
