1 817 233 1.831 291 473 2.705 144 463 1.017 713 572 -0.015 1096 387 1.888 910 154 2.074 1048 159 -0.508 374 414 0.56 1143 484 0.31 72 95 -0.508
51 780 327 2.366 198 438 3.636 103 468 4.913 698 575 4.275 1007 379 3.412 872 248 2.214 1132 192 1.212 325 461 3.27 1113 517 3.81 166 126 0.421
101 673 384 2.901 89 379 3.775 77 363 3.471 624 483 3.426 903 404 2.168 787 336 2.749 1134 301 3.328 204 438 3.607 1017 440 3.752 286 156 -0.426
151 555 417 3.041 48 284 4.31 39 266 4.204 507 445 3.368 808 477 2.703 671 382 2.691 1021 292 3.073 113 364 4.537 905 406 2.508 380 91 -0.88
201 431 432 3.181 33 189 5.438 31 160 5.332 383 432 3.31 691 510 3.831 552 419 3.028 937 351 2.421 67 252 5.072 805 477 3.043 463 17 0.247
251 308 419 3.518 104 88 5.38 101 62 5.274 262 403 3.647 576 486 3.377 428 432 3.168 850 438 2.759 113 142 5.212 686 478 2.985 574 58 0.387
301 195 367 3.855 201 31 5.915 191 14 6.599 158 337 3.985 464 442 3.319 305 418 3.505 733 455 2.898 194 51 5.944 568 463 3.125 692 73 -1.251
351 151 260 3.797 327 24 6.45 303 28 6.541 127 232 3.334 345 408 3.459 216 339 3.447 615 451 3.236 315 45 6.282 451 427 3.264 735 27 0.469
401 119 168 5.518 449 40 6.985 419 56 6.681 112 150 5.845 248 338 3.994 164 243 4.773 493 433 3.375 438 56 6.421 332 394 3.997 843 39 -1.565
451 219 125 6.053 567 86 6.532 530 98 6.425 220 105 6.578 183 249 5.517 180 146 6.296 377 391 3.713 550 97 6.363 241 312 4.532 935 38 -0.042
501 335 126 6.193 688 99 6.474 653 120 6.367 340 106 6.718 230 148 5.064 298 141 6.436 279 317 4.643 672 112 6.305 238 202 5.265 1015 100 0.887
551 450 141 6.332 811 110 6.02 776 132 6.111 461 124 6.659 289 46 5.401 422 152 6.378 254 214 5.178 794 121 6.05 296 93 5.207 1081 182 1.422
601 568 150 5.879 852 31 6.16 874 78 3.879 582 135 5.811 393 13 6.529 545 161 6.122 287 104 5.12 857 56 4.212 391 34 6.137 1054 264 3.341
651 676 93 5.426 956 44 6.3 917 54 6.786 678 65 5.357 513 33 6.866 663 123 5.669 356 18 6.446 895 42 7.12 502 50 6.474 959 303 1.702
701 773 30 5.961 1019 124 6.637 1014 89 7.914 774 10 6.683 632 71 6.611 766 54 5.808 469 48 6.783 990 88 7.457 616 83 6.416 879 379 2.434
751 894 22 5.31 1050 202 9.149 1069 187 8.844 879 10 6.823 756 94 6.355 879 36 6.146 579 105 6.725 1062 164 8.585 738 104 6.358 775 439 3.167
801 1002 35 7.426 994 283 8.695 990 253 7.6 965 38 6.567 879 107 6.297 987 17 7.669 696 132 6.469 995 233 7.538 862 117 6.3 653 445 3.504
851 1036 152 8.356 907 343 8.637 921 324 8.333 1029 133 8.09 969 55 6.437 1005 112 7.413 815 152 6.213 935 308 8.271 960 73 6.044 533 423 3.644
901 985 262 9.287 804 407 8.975 826 395 8.868 996 245 9.021 979 115 7.565 999 225 8.541 922 116 4.574 844 386 9.004 986 137 6.975 424 370 3.388
951 900 341 9.228 684 422 9.312 708 420 9.205 916 329 8.963 1027 198 9.286 930 315 8.681 850 58 5.109 729 417 9.341 1011 210 9.289 313 316 3.923
1001 789 393 9.17 564 406 9.452 587 409 9.542 808 386 9.3 950 264 7.844 827 380 9.216 923 62 7.028 608 412 9.481 946 288 8.44 314 220 4.063
1051 666 404 9.508 472 341 10.184 489 355 10.275 686 403 9.439 870 331 8.577 706 402 9.356 999 118 8.749 506 366 10.411 850 348 8.777 280 146 6.179
1101 561 354 9.647 369 277 10.324 389 290 10.019 580 363 9.974 761 377 9.111 600 367 9.891 985 201 7.702 408 300 9.958 735 382 9.312 346 71 4.935
1151 461 293 10.775 348 175 11.254 358 192 11.147 480 304 10.707 648 353 9.646 499 312 10.623 937 283 8.83 364 211 11.283 620 350 9.847 426 20 6.656
1201 405 184 9.927 344 64 12.184 351 82 11.88 420 198 10.056 536 303 9.984 436 211 9.972 836 343 9.168 356 101 11.621 512 292 10.382 532 75 6.796
1251 414 91 12.241 447 15 12.719 456 32 12.217 413 110 12.172 474 204 9.926 424 127 11.693 718 348 9.505 444 48 12.353 455 186 9.929 640 137 6.738
1301 534 62 12.578 558 22 12.859 581 19 12.555 515 71 12.51 476 128 12.437 532 82 12.426 606 318 9.447 567 40 12.493 460 116 12.638 758 175 6.284
1351 660 56 12.718 674 41 12.801 703 21 12.892 634 72 12.649 597 111 12.182 654 74 12.565 525 246 9.389 694 39 12.435 577 111 12.58 870 154 5.436
1401 776 68 12.857 795 64 12.941 823 47 13.229 753 88 12.789 716 107 12.717 773 88 12.705 521 179 12.098 815 66 12.772 701 119 12.72 917 59 4.587
1451 893 92 12.799 913 93 12.685 939 60 12.183 872 111 12.731 840 122 12.659 892 112 12.647 557 81 11.645 930 81 11.33 823 132 12.662 960 52 7.099
1501 979 76 13.73 1021 101 13.418 1023 76 14.497 975 96 12.475 960 112 12.008 999 97 12.787 645 17 12.773 1002 77 14.04 944 128 11.813 1045 126 8.227
1551 978 120 14.462 1025 200 15.139 1018 167 14.834 1008 185 14.196 998 169 13.729 1007 209 13.915 761 41 12.912 1000 134 14.772 986 148 13.732 1006 232 8.168
1601 986 211 15.195 975 280 16.069 985 250 15.764 950 280 15.72 963 264 15.647 942 298 15.833 875 81 13.052 981 231 15.307 966 245 15.057 922 302 9.494
1651 916 284 14.939 887 326 15.418 901 312 15.311 852 344 15.464 867 331 14.996 833 348 15.182 984 95 12.994 898 292 14.656 882 307 14.604 815 357 9.634
1701 820 315 15.474 782 340 16.348 801 335 16.241 739 335 16.197 759 333 15.927 719 334 16.113 966 149 14.715 800 315 15.191 781 320 15.337 699 342 10.169
1751 710 316 15.614 673 330 16.29 693 327 16.183 621 310 16.138 640 317 16.066 602 303 16.055 972 241 15.645 681 311 15.529 660 315 15.872 584 294 9.715
1801 630 270 16.939 598 265 17.22 616 257 16.916 562 220 17.266 580 230 16.997 558 200 16.392 884 300 15.785 599 245 16.854 580 251 17.395 541 189 10.843
1851 606 155 17.277 586 156 17.558 595 137 17.253 567 99 17.604 563 119 17.927 551 86 18.113 777 308 16.122 583 120 17.389 574 139 17.732 555 67 11.576
1901 666 65 18.207 649 77 18.488 654 50 18.579 664 15 18.929 625 44 18.857 618 25 19.241 659 289 16.064 648 30 18.913 632 63 18.663 638 13 12.902
1951 784 40 18.742 777 60 18.628 760 48 19.114 789 21 19.464 741 57 18.997 723 49 19.183 603 197 16.797 768 29 19.25 756 70 18.802 743 37 13.041
2001 897 31 17.893 893 50 17.384 873 57 18.661 903 12 19.406 864 78 18.741 842 77 18.927 623 92 17.925 878 37 18.994 884 73 18.151 853 61 12.786
2051 954 37 20.405 986 33 20.884 948 66 19.986 990 81 19.941 973 69 19.474 959 84 18.276 706 17 19.053 938 50 20.32 971 48 20.07 938 84 12.728
2101 955 134 19.556 955 112 20.826 983 155 20.917 979 191 21.267 993 135 21.59 1005 153 21.578 818 54 19.39 965 152 19.471 974 128 21 991 174 14.844
2151 950 232 20.091 963 196 20.175 957 262 21.847 931 292 22.79 967 223 20.741 987 226 21.916 923 111 19.134 967 245 21.192 979 207 21.337 944 277 15.972
2201 859 270 20.824 891 246 20.907 861 290 22.184 823 305 21.942 876 259 20.881 910 250 21.66 1013 132 21.448 888 275 22.122 907 230 20.884 841 292 15.519
2251 755 281 21.557 795 276 21.64 750 301 22.521 708 288 21.884 774 287 21.811 812 288 22.393 931 180 19.809 794 296 22.46 825 273 21.814 729 290 15.658
2301 659 256 23.278 684 263 22.966 643 267 23.847 626 229 23.407 668 275 23.532 703 272 22.928 888 242 21.53 687 285 23.39 721 279 22.942 638 246 17.379
2351 615 144 23.615 633 152 23.105 618 166 23.789 595 110 23.942 635 178 23.672 650 165 22.87 781 269 21.867 653 186 23.53 672 179 22.884 602 129 17.519
2401 631 43 25.138 659 37 24.233 634 63 24.917 628 11 25.663 646 79 24.602 654 59 24.393 707 222 23.786 661 95 24.262 670 72 23.815 643 25 18.844
2451 737 40 25.278 773 13 25.559 731 61 25.254 716 39 25.407 751 55 25.137 767 38 25.126 643 165 23.333 771 58 24.797 785 30 24.745 751 24 19.182
2501 853 55 25.22 879 19 25.501 855 75 25.196 836 68 25.349 873 61 25.079 892 35 24.672 703 116 24.263 891 55 23.949 906 15 24.687 868 41 18.926
2551 943 43 24.964 967 11 26.036 963 49 24.15 944 63 24.105 975 29 24.824 1011 18 25.8 765 23 24.996 991 16 25.67 1031 20 26.21 953 26 19.263
2601 1000 86 25.301 1032 72 26.768 1042 92 26.662 1020 89 25.628 1055 106 26.742 1072 117 27.324 873 43 25.531 1060 83 27.193 1077 136 27.338 1011 69 20.391
2651 1000 171 27.22 1012 148 27.699 1024 186 27.987 1004 190 27.547 1002 214 27.673 1020 205 28.254 985 58 26.066 1022 165 27.926 997 233 28.269 993 152 20.333
2701 916 244 26.767 931 203 26.652 940 238 27.732 913 264 27.291 901 280 28.01 932 256 27.998 1016 157 27.391 945 217 27.275 885 293 28.013 926 224 20.473
2751 820 268 27.499 860 252 27.78 862 273 28.464 814 287 28.222 796 277 27.556 840 281 28.533 931 234 27.136 879 260 28.403 776 280 27.56 842 262 21.403
2801 726 272 29.418 766 277 28.908 757 295 29.79 712 286 30.14 707 264 30.266 737 294 30.056 828 261 28.066 784 285 29.135 697 246 30.269 746 276 22.927
2851 685 172 28.569 725 181 28.257 736 209 29.337 696 189 29.292 668 162 28.626 714 198 29.208 758 203 28.799 743 190 28.484 649 153 29.025 707 173 21.88
2901 640 100 30.883 669 106 30.176 680 145 30.267 651 116 30.617 669 73 28.964 665 132 30.533 697 135 29.927 683 121 30.008 651 64 30.746 658 89 24.194
2951 700 56 31.418 720 32 31.502 745 57 30.604 721 52 31.35 719 11 31.871 726 72 31.068 742 36 30.857 740 15 30.74 697 15 31.874 695 35 25.322
3001 822 70 31.36 837 32 31.444 850 48 30.941 828 50 31.292 816 29 31.813 841 66 31.01 857 29 30.601 856 9 31.868 802 44 31.618 803 64 25.264
3051 928 56 29.918 917 19 31.781 948 25 30.093 928 35 30.443 907 37 31.557 946 45 29.766 961 10 30.543 935 10 31.81 908 57 30.967 918 74 23.822
3101 1000 30 30.651 996 10 31.328 1057 10 31.221 1017 10 30.978 977 14 31.499 1028 27 30.499 1077 9 31.473 1037 9 31.159 961 27 31.304 979 33 24.357
3151 1088 53 33.163 1076 30 33.444 1096 72 33.93 1096 32 33.885 1056 26 33.22 1108 54 33.604 1106 89 34.578 1115 33 34.066 1041 41 32.432 1068 49 26.671
3201 1036 134 33.302 1018 125 32.793 1030 173 31.698 1025 107 33.432 1000 118 32.371 1050 119 33.743 1050 171 33.532 1040 93 33.613 1020 147 31.979 1038 154 26.613
3251 1048 224 34.233 1027 225 33.328 1020 265 34.012 1032 188 33.572 1019 206 32.709 1039 206 33.883 1040 264 34.857 1013 180 32.764 1023 245 33.502 1043 243 28.137
3301 981 252 34.768 922 269 33.863 918 290 34.942 956 221 33.514 941 259 34.232 968 238 34.616 945 279 34.997 949 240 33.694 904 277 33.247 961 259 28.474
3351 894 260 34.314 824 296 34.991 837 311 35.872 874 267 34.048 841 287 34.569 887 281 34.953 854 302 35.532 861 283 34.625 804 296 36.154 874 298 29.207
3401 801 223 34.059 739 241 34.933 767 245 34.826 781 229 34.188 742 222 33.918 823 227 34.302 790 247 34.881 762 225 33.974 720 232 34.514 810 242 28.556
3451 717 198 35.582 676 200 37.049 695 205 36.745 702 187 35.909 664 176 37.221 736 206 35.627 711 217 36.404 683 178 36.881 677 158 37.224 729 225 29.881
3501 720 92 34.931 706 110 36.2 725 111 35.303 715 73 34.467 697 92 36.174 745 110 34.779 737 128 35.753 695 72 35.241 682 57 35.584 757 128 28.835
3551 703 30 37.838 694 68 37.526 712 49 37.419 724 13 37.77 687 49 37.697 728 33 36.697 715 68 37.277 682 29 37.951 697 10 38.096 731 53 30.556
3601 807 38 37.978 817 66 37.468 827 40 37.559 823 20 38.107 799 57 37.837 844 10 38.023 835 57 37.219 779 54 37.893 787 36 38.038 844 30 30.696
3651 909 53 37.524 929 51 36.224 917 35 37.699 925 16 38.049 915 71 36.988 968 12 36.779 938 30 36.567 896 83 37.637 891 64 37.782 948 12 31.033
3701 980 12 38.059 1015 25 36.957 1002 9 37.838 1027 10 37.596 993 27 37.128 1087 15 38.895 1048 12 37.695 975 38 36.986 963 22 37.922 1068 12 32.359
3751 1046 56 39.385 1078 95 39.468 1066 54 39.757 1082 67 39.91 1067 79 39.442 1101 119 40.221 1096 86 40.01 1047 77 38.114 1028 65 38.457 1082 114 32.498
3801 1029 141 38.932 1069 218 40.003 1049 143 39.699 1060 162 39.852 1057 201 39.186 1078 198 40.361 1072 178 40.149 1052 181 39.044 1040 163 38.794 1066 238 34.615
3851 984 216 40.06 991 262 41.329 992 197 40.036 1007 210 40.782 957 267 40.907 1006 249 41.093 999 229 40.882 972 254 40.765 980 235 40.515 942 280 34.952
3901 895 273 39.606 898 293 40.678 906 244 39.187 925 242 39.736 850 316 41.245 914 281 40.64 916 261 40.033 868 310 40.905 878 293 39.864 838 332 35.487
3951 809 265 41.327 803 284 42.004 829 262 41.106 848 257 41.061 738 257 41.977 825 282 41.768 844 277 41.754 774 277 42.033 789 265 41.387 755 270 35.824
