1 272 331 -0.651 488 447 2.845 582 330 1.368 140 303 1.182 1080 434 -0.871 884 481 2.369 817 505 1.368 965 149 -1.979 1157 286 -1.242 1069 191 -0.479
51 335 250 -0.906 408 396 3.182 544 419 1.508 99 301 5.078 1097 470 3.221 789 462 3.3 744 510 3.485 913 62 -2.037 1160 316 2.653 1150 235 2.031
101 403 145 -0.964 291 407 3.124 512 521 3.229 129 184 4.624 982 495 2.174 674 485 2.055 671 551 2.834 928 10 -0.712 1059 379 2.595 1076 319 2.566
151 474 43 -0.825 171 399 3.461 397 503 3.369 99 68 4.369 969 586 3.302 588 527 3.579 567 536 3.962 1039 9 0.02 966 453 1.944 976 391 2.113
201 563 10 -0.685 58 362 3.601 279 479 3.311 117 11 5.497 858 579 3.244 489 459 3.718 469 463 3.706 1136 66 1.346 903 552 3.269 908 493 2.45
251 657 10 -0.743 32 276 5.519 161 457 3.45 207 9 5.636 738 578 3.186 384 395 3.66 365 400 3.648 1129 158 2.869 785 546 3.211 801 531 3.183
301 752 9 -0.604 122 192 5.659 48 416 3.787 300 9 5.578 618 579 3.128 272 341 3.602 253 347 3.59 1015 196 2.613 661 537 3.153 678 523 3.125
351 851 9 -0.662 221 117 5.601 36 324 5.311 393 9 5.52 498 579 3.07 160 287 3.347 140 294 3.136 980 288 0.974 537 540 3.095 553 521 3.067
401 958 9 -0.324 313 34 5.543 103 221 5.055 485 9 5.462 377 580 3.21 83 342 3.289 68 355 3.869 932 362 2.102 412 545 3.037 429 526 3.009
451 1054 50 1.396 405 9 5.485 142 104 4.602 580 9 5.602 258 564 3.349 31 269 4.417 11 270 4.997 883 454 1.846 287 544 3.374 304 530 3.148
501 1084 152 2.919 498 9 5.625 153 15 5.334 674 9 5.544 143 531 3.489 30 153 4.359 10 153 4.939 832 539 2.974 164 521 3.514 182 512 3.486
551 979 192 2.466 592 9 5.567 237 9 5.474 770 9 5.683 33 476 4.222 34 47 4.103 10 45 5.079 715 561 2.916 52 471 4.049 71 466 3.823
601 907 277 0.826 687 10 5.508 329 9 5.614 869 9 5.625 19 376 4.954 80 22 5.626 58 14 5.614 597 579 3.253 21 356 4.584 40 362 4.358
651 894 365 2.547 784 9 5.648 421 9 5.556 980 11 6.753 39 261 4.896 176 9 5.568 151 9 5.555 478 568 3.195 21 233 5.317 39 241 4.695
701 874 455 2.292 883 9 5.788 516 10 5.498 1044 102 8.277 72 149 5.036 269 10 5.51 244 10 5.497 358 561 3.137 63 113 5.456 75 130 5.033
751 783 455 3.42 991 21 7.904 610 9 5.637 961 160 9.009 126 45 5.373 361 9 5.65 336 9 5.637 238 551 3.475 140 9 5.596 136 28 5.568
801 701 486 1.385 929 96 8.044 706 9 5.579 872 234 7.172 197 11 5.513 455 9 5.592 430 9 5.579 124 515 3.614 246 9 5.538 226 10 5.51
851 631 523 3.501 924 190 8.776 806 9 5.719 900 331 9.091 289 9 5.652 550 10 5.534 524 10 5.521 22 458 4.742 341 9 5.48 318 9 5.649
901 514 495 3.245 860 272 6.939 915 10 6.451 808 382 7.056 383 9 5.594 645 9 5.673 619 9 5.661 59 354 5.277 435 9 5.619 413 9 5.591
951 395 488 3.187 827 359 8.66 913 75 8.963 815 453 9.963 477 9 5.536 744 9 5.813 717 9 5.8 119 245 5.021 529 9 5.561 507 10 5.533
1001 275 482 3.129 756 434 9.788 869 172 8.312 701 445 9.114 574 9 5.676 858 14 7.336 830 10 6.335 144 125 4.37 629 9 5.701 605 9 5.673
1051 156 463 3.467 637 429 9.137 848 275 7.661 594 496 9.056 677 9 6.013 840 109 8.464 846 81 8.649 97 36 3.324 736 10 6.434 711 10 6.405
1101 46 417 3.606 517 463 9.079 802 361 7.998 477 521 9.394 748 69 7.734 802 217 7.023 793 187 7.208 48 72 0.696 771 103 7.759 756 89 7.731
1151 36 321 5.13 395 487 9.417 721 433 8.929 357 526 9.533 785 185 7.479 826 326 8.941 818 299 8.336 137 156 1.033 801 223 7.701 794 204 7.673
1201 71 202 4.676 271 490 9.556 612 482 9.266 238 514 9.673 768 283 8.804 729 374 9.279 731 354 9.068 169 271 1.766 767 322 9.225 762 302 8.801
1251 40 101 3.432 148 470 9.696 494 508 9.406 122 481 9.813 669 349 8.746 650 454 9.418 656 435 9.01 114 379 2.499 663 389 8.771 665 369 8.743
1301 34 20 6.339 37 420 10.824 375 516 9.348 17 427 10.941 567 399 9.281 525 462 9.558 540 449 9.545 27 344 4.615 556 437 9.504 562 418 9.476
1351 132 9 5.491 38 301 10.963 255 509 9.685 33 320 11.278 452 410 9.223 405 475 9.302 416 457 9.092 23 227 4.952 432 444 9.248 441 426 9.22
1401 224 9 5.63 44 180 11.301 139 480 9.824 55 199 11.22 335 425 9.561 278 480 10.035 295 469 9.824 69 116 5.29 309 455 9.586 323 441 9.557
1451 318 9 5.572 79 62 11.638 32 429 10.359 83 81 11.359 227 386 9.898 167 415 10.174 186 420 10.162 109 14 5.232 195 402 10.121 215 402 10.092
1501 413 10 5.514 155 10 11.778 43 328 11.685 134 12 11.894 123 325 8.654 71 349 9.128 91 354 9.313 177 9 5.569 93 334 8.876 111 341 8.848
1551 508 9 5.654 246 9 11.917 98 220 11.429 223 9 11.836 86 267 11.363 43 282 11.64 58 295 11.627 270 9 5.511 59 267 11.586 74 283 11.557
1601 607 10 5.596 341 9 11.859 117 102 10.778 318 10 11.778 128 148 10.91 102 174 11.186 115 189 11.174 364 9 5.651 109 155 11.132 122 170 11.104
1651 715 13 7.317 435 10 11.801 99 16 11.511 412 9 11.918 121 28 11.247 114 56 11.326 130 68 11.116 459 9 5.593 104 39 11.47 131 46 11.046
1701 740 118 7.061 531 9 11.941 150 9 11.848 507 9 11.86 172 9 11.782 161 26 11.663 185 24 11.651 555 10 5.534 129 9 11.807 199 9 11.779
1751 776 227 7.991 631 9 12.08 219 9 11.79 606 9 12 258 9 11.922 238 13 11.803 278 10 11.79 657 9 5.872 199 9 11.749 298 9 11.918
1801 695 270 9.119 726 36 14.592 311 9 11.93 715 14 13.721 353 9 11.864 331 9 11.942 374 9 11.93 725 59 8.186 290 9 11.889 394 9 11.86
1851 689 333 7.875 729 146 13.546 405 9 11.872 714 119 13.465 448 10 11.806 427 9 11.884 468 9 11.872 743 168 7.732 383 9 11.831 490 10 11.802
1901 620 354 9.596 696 232 15.267 501 10 11.814 687 212 15.186 544 9 11.945 523 10 11.826 565 9 12.011 679 242 8.86 478 9 11.97 588 9 11.942
1951 553 407 8.747 655 324 14.418 599 9 11.953 653 304 14.337 645 9 12.085 622 9 11.966 670 9 12.349 672 340 8.605 576 9 11.912 696 11 13.268
2001 452 425 9.48 571 401 15.348 699 25 14.465 575 375 15.07 712 56 15.19 716 35 15.071 692 68 15.256 593 382 9.337 683 14 13.633 669 83 15.186
2051 335 438 9.224 451 433 15.883 622 104 14.802 464 418 15.605 616 130 14.736 642 108 15.013 601 148 14.012 476 400 9.279 633 82 14.959 599 173 13.349
2101 217 442 9.562 326 421 15.825 594 207 13.558 342 410 15.942 613 239 14.085 613 213 14.362 616 259 13.954 358 397 9.617 592 187 13.715 617 280 13.489
2151 102 425 8.12 204 404 15.965 576 312 14.686 220 392 15.884 577 344 15.015 588 328 15.292 568 362 14.686 237 381 9.559 580 292 14.843 574 381 15.803
2201 35 450 10.829 89 416 15.709 480 387 14.826 103 400 15.431 486 405 15.55 500 389 15.432 470 416 14.826 117 383 9.105 492 370 15.18 472 436 15.942
2251 13 331 11.364 25 368 17.628 370 427 15.163 25 347 17.547 386 440 15.888 395 422 15.769 360 444 15.163 40 334 10.629 380 409 15.122 359 464 16.082
2301 29 209 11.504 53 252 17.372 266 464 15.698 44 234 17.489 285 454 15.83 286 434 15.513 247 471 15.303 48 215 10.966 268 444 15.064 242 490 16.419
2351 55 86 11.446 78 134 17.512 161 465 16.233 68 117 17.431 176 451 16.167 168 433 15.455 137 458 15.64 71 97 11.105 153 446 15.599 127 476 16.559
2401 83 10 11.783 114 28 17.849 66 436 16.966 94 29 17.966 75 417 16.702 54 418 16.188 26 440 16.57 127 12 11.838 45 436 16.529 9 452 17.687
2451 155 9 11.923 207 9 18.186 45 326 17.106 177 9 18.106 35 308 17.039 15 304 17.316 24 325 17.501 228 10 11.78 35 343 17.46 39 364 17.431
2501 248 9 11.865 300 9 18.128 48 200 17.047 271 9 18.048 33 186 16.981 13 184 17.653 31 211 17.443 321 9 11.92 48 221 17.204 56 241 17.373
2551 342 10 11.807 395 10 18.07 41 77 17.187 365 9 18.187 29 61 16.923 10 68 17.595 30 93 17.385 415 9 11.862 50 98 17.146 60 117 17.315
2601 437 9 11.946 491 9 18.21 64 10 15.35 460 9 18.129 9 35 18.051 11 12 18.921 29 48 17.327 512 9 12.001 74 26 15.902 59 43 16.664
2651 534 9 11.888 592 9 18.35 62 9 15.292 559 9 18.269 10 34 18.191 10 10 19.06 24 47 17.664 617 10 12.734 71 27 16.041 53 49 16.804
2701 641 18 14.005 642 59 21.454 61 9 15.234 656 34 21.176 10 37 18.33 10 10 19.2 28 50 17.606 614 76 15.048 68 29 15.983 51 46 16.548
2751 582 92 14.737 556 140 20.21 64 10 15.374 576 113 20.92 10 35 18.272 9 9 19.142 34 51 17.548 558 171 13.409 72 27 15.925 52 47 16.688
2801 553 203 14.679 570 244 21.338 61 9 15.315 559 222 21.06 12 33 18.412 10 10 19.084 25 51 17.688 554 267 14.734 71 30 15.867 57 49 16.827
2851 540 313 14.819 535 353 21.28 37 35 16.443 540 333 21.199 18 41 18.947 41 14 19.026 38 55 18.618 541 372 16.06 63 36 13.833 62 65 15.386
2901 452 373 15.156 436 419 21.618 85 9 18.165 439 390 20.944 104 23 18.098 142 9 18.177 121 11 18.164 454 403 15.607 65 140 14.961 64 27 18.293
2951 338 407 15.691 318 439 22.746 171 9 18.106 333 426 22.467 198 9 18.04 243 9 18.119 218 9 18.106 355 417 16.142 25 111 18.065 150 9 18.037
3001 231 354 16.029 220 371 22.885 264 9 18.048 243 371 22.804 289 9 18.18 335 10 18.061 311 9 18.048 252 353 16.281 115 30 18.007 241 9 18.177
3051 127 331 14.191 115 347 20.455 355 9 18.188 147 331 21.758 382 9 18.122 428 9 18.201 403 9 18.188 145 311 14.642 208 9 18.147 333 9 18.118
3101 51 370 16.901 32 366 23.56 448 9 18.13 55 351 22.293 476 10 18.064 522 9 18.143 497 9 18.13 75 356 16.363 299 9 18.089 427 10 18.06
3151 34 272 17.436 17 261 23.897 546 9 18.467 18 240 23.619 575 9 18.796 622 24 20.654 600 11 19.653 35 251 17.293 393 9 18.228 522 9 18.398
3201 62 155 17.378 44 146 24.037 601 55 21.572 39 119 24.154 593 74 21.506 549 95 21.387 566 78 21.374 56 130 17.433 492 10 18.17 596 35 21.502
3251 95 45 17.517 73 36 24.176 505 129 20.723 77 12 24.293 498 147 20.459 506 187 19.748 493 167 19.537 97 19 17.572 586 33 21.077 507 108 20.851
3301 160 10 18.052 118 11 24.316 496 237 21.061 140 9 24.433 505 255 21.192 491 294 20.876 496 274 21.061 180 9 18.107 505 109 21.217 496 217 20.991
3351 250 9 18.192 208 9 24.456 472 342 21.596 230 9 24.375 466 361 21.727 453 396 22.201 466 381 21.991 271 9 18.049 462 212 19.973 470 322 21.328
3401 343 9 18.134 301 9 24.398 369 374 21.735 323 9 24.514 344 379 20.878 338 399 20.957 359 392 21.933 366 9 18.189 436 315 21.496 366 354 21.468
3451 439 9 18.274 395 10 24.537 249 400 22.073 418 9 24.456 243 419 22.599 226 430 22.876 265 412 22.468 462 10 18.131 334 374 21.438 265 389 22.003
3501 543 10 19.204 494 9 24.479 140 343 22.014 519 9 24.794 156 357 22.739 130 360 22.818 176 349 22.607 566 21 20.445 222 400 21.578 159 337 22.143
3551 528 71 21.518 570 47 27.979 37 303 22.352 553 61 27.898 64 305 22.879 21 315 23.55 72 287 22.549 497 85 21.375 108 395 22.508 52 290 22.085
3601 436 146 20.076 468 104 27.526 23 201 23.875 449 122 27.05 44 203 23.611 39 234 23.69 34 183 23.48 441 177 19.736 14 333 24.032 14 180 24.003
3651 443 249 21.995 432 209 27.665 35 82 23.817 438 229 27.782 55 80 23.356 59 111 23.632 44 64 23.224 424 266 21.852 51 221 23.776 24 63 23.945
3701 361 312 19.96 361 273 26.224 52 40 22.178 356 292 26.143 45 10 21.321 60 21 21.993 23 9 22.968 356 331 19.422 71 99 23.322 18 62 24.085
3751 307 382 21.483 335 353 28.142 40 31 19.945 326 373 28.259 35 10 25.018 54 17 21.342 16 19 25.48 325 393 22.527 53 46 21.683 49 67 22.445
3801 187 400 22.414 220 368 28.282 55 34 18.503 200 383 28.201 122 10 24.367 57 13 24.446 90 9 24.434 219 389 22.469 74 40 24.59 37 45 24.957
3851 76 348 22.949 102 332 28.619 157 18 18.05 96 351 29.329 216 9 24.309 139 9 24.388 195 9 24.376 119 343 22.806 175 9 24.334 119 12 24.306
3901 10 255 23.879 25 241 29.747 248 9 18.19 33 262 29.864 313 9 24.449 227 9 24.33 291 9 24.318 45 246 23.143 269 9 24.474 207 9 24.446
3951 30 141 24.019 21 115 30.282 341 9 18.132 48 148 30.004 406 9 24.391 320 9 24.47 384 9 24.457 39 123 23.481 363 9 24.416 299 9 24.388
