50 977 299 90 172 520 370 470 36 345 138 933 398 483 543 1134 448 268 358 893 394 1137 114 626 513 1153 60 80 305 382 241 983 211 1124 249 439 126 134 425 685 111 94 473 225 402 283 321 196 287 457 445
100 977 299 90 172 520 370 470 36 345 138 933 398 499 534 1120 418 268 358 893 394 1137 114 619 562 1153 60 169 256 382 241 983 211 1124 249 435 132 171 426 685 111 94 473 225 402 283 321 196 287 457 445
150 977 299 158 137 520 370 541 23 345 138 944 399 544 494 1117 428 288 341 902 400 1131 116 598 544 1176 123 207 232 382 241 983 211 1124 249 434 133 253 438 685 111 94 473 218 373 292 297 198 331 457 445
200 977 299 270 96 520 370 660 38 345 138 991 406 553 474 1076 533 315 332 932 433 1129 117 598 543 1178 241 207 232 382 241 983 211 1124 249 434 133 251 451 685 111 94 473 182 384 333 239 190 335 457 445
250 977 299 384 64 529 358 775 69 355 130 995 507 562 467 1006 560 316 332 933 433 1129 117 598 543 1179 295 207 232 403 245 983 211 1108 237 434 133 251 451 685 111 94 473 188 375 359 223 190 335 491 446
300 950 303 400 61 624 365 873 115 392 155 947 522 562 466 906 573 316 332 933 433 1129 117 598 543 1179 295 207 232 404 245 983 211 1106 235 434 133 251 451 685 111 98 455 206 377 359 223 233 277 492 494
350 883 271 510 38 742 389 880 118 388 162 946 521 562 466 829 561 316 332 933 433 1129 117 598 543 1179 295 255 210 404 245 983 211 1106 235 442 156 251 451 685 111 175 416 206 377 359 223 235 274 511 479
400 880 268 531 37 823 402 880 118 303 217 946 521 592 463 796 529 316 332 933 433 1129 117 598 543 1179 295 258 210 404 245 983 211 1106 235 443 161 257 460 685 111 289 404 213 364 353 250 221 324 545 445
450 880 268 531 37 825 402 880 118 294 217 946 521 593 463 845 483 316 332 933 433 1129 117 598 543 1179 295 252 208 397 244 983 211 1106 235 417 169 248 468 685 111 300 402 213 364 353 250 221 325 545 445
500 880 268 553 27 874 409 930 159 311 221 946 521 593 463 846 482 316 332 933 433 1129 117 598 543 1173 309 309 154 392 243 983 211 1112 216 417 169 283 437 685 111 301 402 245 362 349 251 239 271 545 445
550 880 268 643 67 936 473 932 162 350 215 946 521 593 463 846 482 244 300 981 449 1129 117 609 526 1130 401 322 145 407 239 983 211 1112 216 417 169 285 438 685 111 303 396 245 362 358 267 315 241 545 445
600 880 268 757 88 938 476 932 162 371 198 946 521 593 463 846 482 241 299 1001 492 1151 168 609 526 1095 516 322 145 408 239 983 211 1112 216 417 169 296 443 697 130 368 339 245 362 365 275 340 232 596 409
650 880 268 866 131 911 473 932 162 372 197 910 570 593 463 846 482 241 299 1001 496 1160 284 609 526 1031 559 378 113 408 239 983 211 1101 221 417 169 296 443 698 130 423 298 259 354 366 276 341 232 711 376
700 880 268 905 151 910 473 942 167 372 197 861 556 593 463 846 482 267 267 998 453 1167 310 609 526 989 492 493 86 408 239 983 211 1101 221 417 169 296 443 698 130 424 297 268 349 366 276 341 232 805 357
750 880 268 905 151 910 473 943 167 372 197 801 553 593 463 846 482 337 273 998 445 1167 310 609 526 989 484 602 83 408 239 983 211 1101 221 417 169 302 436 698 130 424 297 268 349 381 277 341 232 809 357
800 880 268 905 151 910 473 943 167 372 197 834 528 593 463 846 482 339 273 998 444 1167 310 609 526 989 484 610 83 408 239 983 211 1101 221 417 169 386 362 698 130 424 297 268 349 383 277 341 232 809 357
850 880 268 938 199 910 473 973 172 372 197 836 528 593 463 846 482 339 273 998 444 1167 310 627 491 989 484 644 74 408 239 986 217 1101 221 417 169 496 327 698 130 425 284 330 321 383 277 341 232 809 357
900 880 268 943 210 910 473 1020 195 372 197 836 528 600 444 846 482 339 273 998 444 1166 397 630 486 989 484 753 104 408 239 987 219 1101 221 417 169 546 335 697 134 425 284 334 319 383 277 341 232 836 352
950 945 318 942 210 910 473 1024 229 375 194 836 528 600 444 846 482 353 251 998 444 1129 511 630 486 989 484 865 145 408 239 981 222 1125 229 417 169 596 317 697 134 426 284 307 241 386 278 338 212 837 351
1000 1005 399 942 210 910 473 1024 229 389 189 836 528 600 444 846 482 358 250 998 444 1064 558 630 486 989 484 918 176 408 239 981 223 1117 311 422 166 713 330 697 134 427 284 318 254 386 280 350 207 837 351
1050 1008 403 942 210 900 516 1024 229 466 169 836 528 600 444 846 482 360 249 998 444 1051 520 630 486 989 484 919 177 408 239 981 223 1114 323 460 128 794 333 697 134 428 284 319 258 386 281 450 206 837 351
1100 1013 381 942 210 964 532 1024 229 491 164 836 528 600 444 846 482 360 249 1005 433 1051 519 630 486 965 406 919 177 408 239 981 223 1114 323 482 121 796 333 697 134 428 284 319 258 386 281 456 208 837 351
1150 1013 381 944 226 974 522 1030 230 492 185 836 528 600 444 846 482 360 249 1005 433 1051 519 630 486 972 393 939 183 408 239 985 224 1114 323 562 200 796 333 800 152 428 284 319 258 386 281 456 208 837 351
1200 1013 381 945 236 974 522 1073 241 492 185 801 509 618 419 846 482 360 249 1005 433 1051 519 630 486 972 393 1033 241 408 239 1000 267 1118 330 611 291 796 333 907 204 428 284 319 258 386 281 456 208 837 351
1250 1013 381 956 247 974 522 1108 269 492 185 813 503 623 417 853 478 360 249 1005 433 1051 519 630 486 972 393 1047 269 408 239 1000 269 1113 425 628 288 796 333 934 211 428 284 319 258 386 281 456 208 837 351
1300 1013 381 956 247 974 522 1092 330 492 185 813 503 623 417 853 478 360 249 1005 433 1042 522 630 486 972 393 1043 262 408 239 1000 269 1089 542 709 293 818 323 934 211 428 284 319 258 386 281 456 208 845 357
1350 1013 381 946 249 974 522 1092 331 492 185 813 503 623 417 853 478 360 249 1005 433 1040 519 630 486 972 393 1040 254 408 239 996 251 1024 556 711 294 924 353 931 205 428 284 319 258 386 281 456 208 854 370
1400 1031 372 946 249 926 489 1092 331 492 185 813 503 623 417 853 478 379 246 1037 468 1040 519 609 500 997 455 1040 254 418 237 996 251 970 484 711 294 1009 417 931 205 429 284 339 246 389 287 456 208 854 370
1450 1038 359 948 260 891 471 1092 331 507 176 813 503 623 417 849 478 438 270 1064 485 1040 519 650 474 1029 442 1066 261 466 240 1000 280 995 512 797 319 1017 398 1027 246 450 309 354 270 390 305 459 193 854 370
1500 1038 359 948 260 882 455 1092 331 519 179 791 501 649 396 841 475 444 274 1064 485 1040 519 656 471 1029 442 1117 287 489 243 999 283 995 513 801 320 1017 397 1048 292 454 315 354 270 396 284 489 152 854 370
1550 1038 359 948 260 886 453 1081 348 528 184 810 487 757 434 849 473 457 274 1064 485 1040 519 656 471 1029 442 1133 327 489 243 998 279 995 513 801 320 1017 397 1089 240 457 320 338 252 428 244 603 128 854 370
1600 1038 359 945 260 893 450 1079 353 528 185 811 488 812 396 855 472 457 274 1064 485 1040 519 656 471 1029 442 1152 389 489 243 988 258 995 513 801 320 1017 397 1090 237 530 396 337 252 429 244 644 125 854 370
1650 1038 359 944 260 893 450 1079 353 528 185 811 488 812 395 855 472 457 274 1064 485 1040 519 656 471 1029 442 1117 502 489 243 988 257 995 513 855 331 1017 397 1090 237 535 401 337 252 429 244 644 125 854 372
1700 1038 359 955 281 893 450 1079 353 528 185 811 488 812 395 855 472 457 274 1064 485 1040 519 656 471 1029 442 1046 563 489 243 1023 272 995 513 957 384 1017 397 1090 237 540 393 337 252 429 244 644 125 855 382
1750 1039 358 955 281 893 450 1079 353 528 185 811 488 812 395 855 472 457 274 1071 476 1036 513 656 471 1034 443 955 536 489 243 1024 273 990 498 991 457 1026 396 1109 296 627 378 337 252 429 244 690 132 855 382
1800 1035 358 955 281 860 435 1079 356 528 185 774 493 812 395 814 501 463 280 1072 476 1036 512 656 471 1035 443 921 525 489 243 1021 265 990 499 991 457 1026 397 1111 329 747 377 419 205 436 249 762 224 855 382
1850 1035 358 934 261 860 435 1079 356 538 190 755 491 819 399 793 508 466 284 1072 476 1036 512 656 471 1035 443 921 525 489 243 1018 257 990 499 991 457 1026 397 1111 329 781 370 521 150 440 251 835 312 855 382
1900 1035 358 954 286 860 435 1079 356 542 192 788 455 819 399 793 508 466 284 1072 476 1036 512 656 471 1035 443 921 525 489 243 1018 257 990 499 991 457 1026 397 1111 329 781 370 633 127 440 251 842 319 855 382
1950 1035 358 958 294 860 435 1079 356 542 192 791 454 823 408 793 508 466 284 1072 476 1036 512 724 427 1035 443 921 525 489 243 1029 282 990 499 991 457 1026 397 1115 419 823 364 648 127 440 251 842 319 858 383
2000 1039 359 948 285 860 435 1079 356 542 192 804 461 824 410 793 508 466 284 1060 481 1034 515 785 400 1035 443 921 525 489 243 995 344 990 499 991 457 1025 400 1108 535 832 365 648 127 440 251 870 335 871 390
2050 1039 359 939 276 843 479 1079 356 542 192 805 463 824 410 793 508 466 284 1060 481 1033 515 785 400 1035 443 921 525 489 243 994 346 990 499 991 457 1025 400 1044 559 832 365 648 127 440 251 890 443 884 483
2100 1040 360 972 325 842 481 1081 356 567 186 804 463 824 410 793 508 466 284 1077 468 1036 487 785 400 1036 443 923 565 507 247 999 354 967 466 996 434 1025 400 997 494 832 365 711 140 526 195 941 518 880 515
2150 1043 344 973 326 842 481 1083 356 639 163 804 463 824 410 793 508 466 284 1081 468 1041 489 785 400 1046 444 923 570 507 247 999 356 977 477 1015 414 1052 389 1004 506 832 365 805 212 636 207 921 520 880 515
2200 1043 342 1010 299 842 481 1083 356 641 162 804 463 824 410 793 508 466 284 1083 469 1042 491 785 400 1047 443 920 570 507 247 1002 360 964 578 1018 411 1055 388 1008 513 832 365 908 274 647 210 919 523 873 514
2250 1044 367 1054 273 842 481 1093 360 641 162 804 463 824 410 793 508 466 284 1083 469 1042 491 785 400 1047 443 866 565 507 247 991 363 904 553 1018 411 1061 406 1008 513 832 365 931 287 647 210 916 508 873 514
2300 1044 371 1074 338 835 466 1115 434 641 162 789 456 824 410 793 508 522 285 1083 469 1042 491 785 400 1046 447 792 580 518 232 988 363 836 527 1018 411 1064 407 1008 513 832 365 931 287 647 210 915 502 872 491
2350 1044 371 1074 341 842 464 1119 542 641 162 795 450 824 410 805 499 528 286 1077 476 1036 493 785 400 1046 447 763 575 586 202 988 363 837 528 1018 411 1064 407 1000 518 832 365 931 287 647 210 915 502 875 494
2400 1044 371 1074 341 842 464 1043 554 652 144 795 449 829 411 805 498 528 286 1077 476 1036 493 788 392 1046 447 763 575 643 195 988 363 838 529 1018 411 1064 407 1000 518 832 365 931 287 679 217 915 502 876 494
2450 1042 367 1074 341 841 473 1026 510 713 154 795 449 852 432 806 498 504 296 1081 475 1035 471 837 393 1051 433 763 575 646 193 988 363 838 529 1014 408 1072 399 970 478 869 345 931 287 679 217 915 502 876 494
2500 1042 367 1074 341 841 475 1026 510 817 210 795 449 855 434 806 498 519 293 1081 475 1035 470 840 394 1051 433 763 575 646 193 988 363 838 529 1014 408 1072 399 971 454 885 339 943 293 679 217 916 503 876 495
2550 1043 368 1074 341 840 475 1026 510 923 264 795 449 855 434 806 498 584 292 1081 475 1035 470 840 394 1062 440 763 575 646 193 991 386 838 529 1014 420 1072 399 971 454 886 339 1014 339 679 217 916 503 876 495
2600 1058 374 1077 338 840 475 1026 510 941 268 795 449 855 434 806 498 585 292 1083 477 1035 470 840 394 1063 442 763 575 646 193 989 403 838 529 1022 430 1082 405 971 454 886 339 1016 362 679 217 916 503 876 495
2650 1053 380 1105 376 840 475 1025 515 949 270 795 449 855 434 806 498 585 292 1083 479 1038 472 840 394 1064 444 763 575 646 193 988 414 838 529 1026 433 1085 409 998 484 886 339 1016 363 679 217 916 503 876 495
2700 1062 381 1140 465 830 465 1023 523 1007 339 787 444 856 433 798 497 595 284 1087 485 1035 477 840 394 1063 449 763 575 646 193 988 415 828 531 1024 432 1089 417 992 490 886 339 1018 383 679 217 840 575 858 495
2750 1065 380 1096 574 830 465 1023 523 1011 341 787 444 856 433 797 496 684 293 1087 485 1035 477 840 394 1063 449 759 576 701 170 988 415 828 532 1024 432 1092 419 992 490 886 339 1018 388 689 225 800 562 858 495
2800 1065 380 1004 544 830 465 1008 503 1011 341 787 444 856 433 797 496 745 312 1087 485 1032 471 840 394 1067 446 731 560 814 202 988 414 829 530 1024 431 1098 413 978 477 886 339 1018 388 689 225 797 557 858 495
2850 1065 380 912 480 834 463 1003 499 1011 341 787 444 859 429 802 488 746 312 1087 485 1034 468 840 394 1068 445 783 524 921 252 986 414 829 530 1024 429 1100 410 972 472 886 339 1018 388 689 225 800 562 858 495
2900 1065 380 897 471 848 454 1003 499 1011 341 785 441 877 414 812 478 746 312 1087 485 1034 468 838 389 1068 445 807 532 942 265 986 414 854 536 1024 429 1100 410 972 472 886 339 1018 388 689 225 807 575 861 495
2950 1065 380 897 471 848 454 1003 499 1025 348 787 444 877 413 812 478 746 312 1087 485 1034 470 866 374 1068 445 808 532 942 266 985 415 854 537 1025 430 1100 410 972 472 886 339 1019 390 689 225 807 575 861 496
3000 1112 406 897 471 848 454 1002 500 1047 409 787 444 878 415 812 478 746 312 1087 485 1039 482 870 374 1068 445 808 532 1008 329 967 426 854 537 1026 444 1133 442 972 472 926 357 1004 407 689 225 807 575 861 496
3050 1107 452 897 471 848 454 1014 521 1056 407 787 444 878 415 812 478 746 312 1086 490 1044 485 870 374 1066 450 808 532 1020 345 1003 482 854 537 1026 444 1157 485 957 494 971 455 1014 401 738 227 807 575 861 496
3100 1108 453 897 471 848 454 1019 536 1057 406 787 444 878 415 812 478 746 312 1092 494 1051 487 870 374 1066 449 808 532 1020 345 1012 496 854 537 1025 444 1123 569 920 554 978 541 1015 399 818 310 807 575 861 496
3150 1108 453 899 470 847 451 998 518 1057 406 787 444 878 415 812 478 746 312 1092 494 1051 487 870 374 1066 449 807 532 1020 345 1010 479 848 531 1026 443 1022 550 828 568 964 548 1015 399 833 325 784 574 863 491
3200 1108 453 899 470 846 450 949 463 1060 403 787 444 878 415 813 477 775 303 1092 494 1051 487 870 374 1068 450 796 515 1020 345 1015 469 849 529 1031 432 980 490 808 554 945 554 1013 395 833 325 750 560 863 491
3250 1108 453 899 470 846 450 958 416 1062 401 787 444 878 415 813 477 810 323 1092 494 1052 487 870 374 1068 450 796 515 1020 345 1016 468 849 529 1032 431 980 486 808 554 945 554 1012 394 860 335 766 554 863 491
3300 1108 453 899 470 850 447 959 415 1062 401 787 439 878 415 814 472 810 324 1092 494 1052 487 870 374 1068 450 811 516 1020 345 1016 468 858 532 1032 431 980 486 810 561 945 554 1012 394 861 335 768 555 863 491
3350 1113 454 899 470 850 447 959 415 1088 424 787 438 878 415 814 472 817 324 1092 494 1047 499 870 374 1068 461 811 516 1064 390 1016 468 858 532 1032 431 980 486 810 561 945 554 1009 398 861 335 768 555 863 491
3400 1157 498 899 470 849 448 959 415 1122 476 787 438 880 420 814 472 896 320 1098 513 1034 521 871 380 1060 486 811 516 1066 446 1017 472 858 532 1022 431 977 487 810 561 945 554 1004 393 911 357 768 555 863 491
3450 1151 545 899 470 849 448 955 424 1126 494 787 438 880 420 814 472 983 389 1095 521 1033 523 871 380 1060 488 811 516 1066 448 1016 481 858 532 1027 435 976 488 810 561 945 554 1025 394 924 394 768 555 863 491
3500 1048 575 883 473 849 448 924 481 1126 494 787 438 880 420 812 471 1001 432 1095 521 1034 524 871 380 1060 488 811 517 1083 453 1017 486 858 539 1039 449 974 488 810 561 945 554 1039 394 924 394 768 555 846 496
3550 959 520 879 475 848 447 886 540 1126 494 785 435 880 420 810 471 1001 433 1095 521 1034 524 871 380 1060 488 805 520 1084 453 1017 486 846 547 1039 450 976 484 806 565 948 585 1039 394 924 394 764 554 846 499
3600 920 480 879 475 848 447 886 541 1126 494 785 435 880 420 810 471 1007 422 1095 521 1035 525 871 380 1060 488 805 520 1084 453 1020 486 845 547 1039 450 985 463 806 565 1032 579 1039 394 924 394 762 553 846 499
3650 919 479 879 473 848 447 880 515 1126 494 785 435 880 420 809 471 1007 421 1095 521 1035 526 868 380 1060 488 805 520 1084 453 1020 486 835 544 1039 450 985 463 796 575 1037 579 1039 394 911 380 758 551 841 496
3700 920 479 880 469 845 445 882 514 1139 505 785 435 880 420 807 469 1007 421 1098 522 1025 538 868 380 1057 513 782 502 1107 477 1006 502 805 538 1025 466 977 462 776 577 1038 579 1065 472 911 380 750 545 841 496
3750 920 479 880 469 845 445 882 514 1157 539 785 435 880 420 807 469 1007 421 1102 527 1017 542 868 380 1057 521 782 502 1110 485 999 499 804 537 1026 465 973 462 725 562 1041 576 1064 480 911 380 741 526 841 496
3800 920 479 880 469 848 444 882 514 1092 566 782 432 883 418 811 462 1007 421 1102 526 1017 542 868 380 1057 521 795 500 1110 485 999 499 807 544 1026 465 973 462 704 516 1041 576 1064 480 911 380 751 489 841 496
3850 920 479 880 469 849 444 882 514 1057 538 792 422 887 415 812 459 1007 420 1102 524 1002 539 868 380 1039 498 798 500 1110 483 998 492 808 547 1023 458 972 460 691 554 972 580 1067 467 911 380 772 466 841 496
3900 921 475 881 473 850 449 882 514 1057 537 862 409 911 422 811 460 1007 419 1102 524 1002 539 883 361 1039 498 798 500 1110 483 998 492 808 547 1023 458 971 459 674 540 923 579 1067 467 923 380 771 469 841 496
3950 900 452 869 479 849 444 882 520 1057 537 863 405 912 410 814 464 1007 419 1102 524 1002 539 892 374 1039 498 794 501 1110 483 998 492 808 547 1023 458 971 459 754 495 923 579 1067 467 951 365 773 454 835 504
4000 908 450 878 479 851 444 894 524 1065 554 862 403 915 407 817 468 1054 464 1103 526 1002 539 897 370 1046 518 804 506 1126 489 984 502 808 547 1020 486 971 459 778 475 923 579 1085 490 1032 349 780 428 844 517
50 761 308 857 164 657 310 1068 343 444 474 549 374 832 121 1129 20 124 322 701 332 111 21 1001 567 1031 528 370 443 265 119 895 348 1121 204 291 26 1179 278 493 172 103 356 33 206 24 317 713 69 569 504
100 761 308 857 164 657 310 1068 343 444 474 533 365 832 121 1179 105 124 322 701 332 111 21 955 530 1004 503 394 383 265 119 884 251 1121 204 291 26 1179 278 493 172 103 356 83 132 24 317 713 69 569 504
150 761 308 853 161 657 310 1068 343 444 474 533 365 832 121 1173 128 124 322 701 332 111 21 955 530 1004 503 442 273 265 119 894 177 1121 204 291 26 1179 278 493 172 103 356 158 62 24 317 713 69 560 439
200 761 308 852 161 657 310 1068 343 444 474 517 346 832 121 1151 141 124 322 701 332 135 25 941 522 1004 503 470 200 265 119 894 176 1121 204 291 26 1179 278 534 87 103 356 162 58 24 317 713 69 586 367
250 761 308 852 161 657 310 1068 343 444 474 574 325 832 121 1147 130 124 322 701 332 248 22 910 435 1004 503 471 198 265 119 894 176 1168 217 291 26 1179 278 625 29 103 356 170 71 24 317 713 69 607 388
300 761 308 852 161 662 310 1068 343 444 474 619 300 832 121 1147 130 124 322 701 332 337 71 897 330 1004 503 471 198 265 119 894 176 1154 238 362 30 1170 303 674 80 103 356 170 71 24 317 727 73 610 391
350 761 308 853 144 663 311 1065 344 444 474 619 299 839 105 1147 130 124 322 701 332 342 106 896 324 1004 503 471 198 265 119 893 157 1153 239 371 25 1162 326 674 84 103 356 170 71 24 317 792 141 610 391
400 761 308 903 105 658 307 1040 353 444 474 614 298 849 57 1147 130 124 322 731 280 342 106 896 324 1004 503 471 198 265 119 907 166 1138 204 371 25 1179 212 674 84 103 356 170 71 24 317 777 161 610 391
450 736 320 904 104 658 307 1040 353 435 446 614 298 922 24 1138 125 124 322 809 221 342 106 879 289 946 452 471 198 265 119 907 166 1131 199 371 25 1179 140 674 84 103 356 170 71 24 317 777 161 610 391
500 724 318 904 104 658 307 1040 353 492 352 614 298 1026 65 1138 124 124 322 810 213 342 106 887 232 892 348 471 198 265 119 907 166 1131 199 371 25 1179 138 674 84 103 356 170 71 24 317 777 161 610 391
550 724 318 904 104 654 298 1026 345 543 252 607 271 1051 105 1138 124 124 322 817 197 342 106 887 232 885 331 471 198 265 119 907 166 1131 199 371 25 1179 138 674 84 103 356 170 71 24 317 770 129 610 391
600 724 318 904 104 666 248 1002 286 540 240 606 271 1052 106 1125 144 124 322 817 197 342 106 887 232 885 331 471 198 265 119 907 166 1131 199 371 25 1175 154 674 84 103 356 170 71 35 246 765 91 609 398
650 750 356 904 104 667 247 1001 284 540 240 606 271 1052 106 1117 117 124 322 817 197 342 106 887 232 885 331 479 155 265 119 962 207 1075 204 371 25 1114 168 674 84 103 356 170 71 83 139 765 90 609 416
700 754 327 904 104 667 247 992 293 540 240 606 271 1052 106 1115 110 140 305 817 197 342 106 887 232 885 331 479 155 265 119 966 216 1012 192 390 31 1068 169 674 84 100 289 178 73 142 34 765 90 615 356
750 771 263 904 104 667 247 980 306 540 240 606 271 1052 106 1115 109 174 303 817 197 342 106 887 232 885 331 479 155 265 119 955 224 972 164 439 82 1093 153 674 84 106 267 180 73 222 53 765 90 616 353
800 771 262 904 99 667 247 980 307 540 240 606 271 1052 106 1115 109 175 303 817 197 342 106 887 232 878 325 479 155 273 132 943 234 971 121 444 94 1094 152 674 84 106 266 180 73 240 100 765 90 616 353
850 771 262 968 83 667 247 964 258 540 240 606 271 1052 106 1115 109 175 303 817 197 411 132 887 232 880 315 479 155 273 133 939 227 974 125 444 94 1094 152 686 68 106 266 180 73 240 101 765 90 616 353
900 805 222 1068 112 667 247 971 244 540 240 602 260 1100 136 1131 105 236 303 829 184 413 133 887 232 880 315 479 155 273 133 936 220 977 130 444 94 1105 176 764 34 106 266 180 73 240 101 765 90 648 284
950 814 221 1079 126 679 221 986 184 540 240 601 258 1114 144 1177 124 238 303 837 176 413 133 887 232 880 315 479 155 273 133 934 219 977 130 444 94 1109 185 793 39 106 266 180 73 240 101 792 87 727 261
1000 815 221 1079 126 680 221 988 173 540 240 601 258 1114 144 1164 151 238 303 837 176 413 133 887 232 880 315 479 155 273 133 934 219 977 130 444 94 1138 184 796 22 106 266 180 73 240 101 803 87 730 264
1050 815 221 1074 124 680 221 988 173 540 240 601 258 1121 129 1172 124 238 303 837 176 413 133 887 232 880 315 479 155 273 133 934 219 977 130 444 94 1134 233 895 29 135 220 180 73 240 101 803 87 737 296
1100 815 221 1074 124 680 221 988 173 540 240 601 258 1121 129 1171 124 238 303 837 176 413 133 887 232 880 315 479 155 273 133 934 219 977 130 444 94 1095 213 937 24 209 195 180 73 240 101 803 87 737 296
1150 815 221 1076 119 680 221 1010 139 537 211 601 258 1121 129 1171 124 238 303 837 176 413 133 887 232 867 283 479 155 273 133 934 219 1002 72 444 94 1048 155 938 24 211 195 181 60 240 101 803 87 737 296
1200 815 221 1076 119 680 221 1040 88 537 211 601 258 1121 129 1171 124 238 303 837 176 420 78 887 232 867 282 479 155 276 135 934 219 999 36 460 85 1047 154 938 24 211 195 276 77 241 110 803 87 737 296
1250 815 221 1076 119 680 221 1040 88 537 211 601 258 1121 129 1171 124 238 303 837 176 491 38 887 232 867 282 479 155 277 135 934 219 1013 33 465 83 1047 154 973 34 211 195 326 143 240 110 803 87 737 296
1300 815 221 1076 119 680 221 1040 88 537 211 601 258 1121 129 1171 124 238 303 837 176 509 85 887 232 867 282 479 155 277 136 934 219 1094 41 465 83 1047 154 991 62 211 195 325 149 240 110 803 87 730 272
1350 815 221 1076 119 665 195 1040 88 537 211 601 258 1121 129 1171 124 238 303 837 176 509 86 887 232 867 282 479 155 277 136 934 219 1175 85 465 83 1047 154 991 62 211 195 325 149 240 110 803 87 740 244
1400 815 221 1076 119 738 130 1040 88 537 211 601 258 1121 129 1170 148 239 265 837 176 509 86 887 232 867 282 479 155 277 136 923 173 1155 104 465 83 1047 154 991 62 211 195 325 149 240 110 803 87 740 244
1450 815 221 1076 119 811 43 1040 88 536 200 608 243 1121 129 1151 160 262 222 837 176 509 86 887 232 867 282 479 155 277 136 924 158 1154 105 465 83 1047 154 991 62 206 173 325 149 240 110 849 64 740 244
1500 815 221 1074 118 899 31 1040 88 535 189 608 242 1116 122 1151 145 263 221 837 176 509 86 884 233 867 282 484 123 297 119 924 158 1154 101 465 83 1046 154 991 62 267 152 332 153 245 90 857 80 740 244
1550 815 221 1077 113 946 49 1040 88 535 188 608 242 1117 123 1151 145 263 221 837 176 518 73 884 233 867 282 509 114 299 117 924 158 1154 101 495 27 1049 148 991 62 270 152 334 154 307 26 857 81 740 244
1600 815 221 1077 112 950 40 1040 88 535 188 608 242 1118 123 1151 145 263 221 837 176 522 80 884 233 867 282 507 123 299 117 907 161 1154 101 573 73 1050 148 992 56 270 152 334 154 370 52 857 81 740 244
1650 815 221 1077 112 1044 27 1040 88 535 188 608 242 1118 123 1151 145 263 221 837 176 522 80 884 233 867 282 507 123 299 117 906 153 1154 101 582 112 1050 148 998 72 270 152 311 207 372 53 857 81 740 244
1700 815 221 1077 112 1136 81 1040 88 535 188 608 242 1118 123 1150 151 263 221 837 176 522 80 884 233 850 254 507 123 299 117 906 153 1166 108 582 113 1050 148 998 72 270 152 307 212 372 53 857 81 740 244
1750 815 221 1077 112 1142 96 1040 88 535 188 608 242 1115 127 1148 161 299 160 837 176 522 80 884 233 849 254 507 123 309 106 906 153 1177 122 582 113 1050 148 998 72 261 131 307 212 372 53 857 81 749 182
1800 815 221 1077 112 1142 96 1040 88 535 166 608 242 1115 127 1130 181 306 154 837 176 522 80 884 233 849 254 507 123 311 104 906 153 1157 151 582 113 1050 148 998 72 279 63 307 212 372 53 857 81 815 83
1850 815 221 1077 112 1144 93 1040 88 535 165 608 242 1117 125 1086 151 306 154 837 176 522 80 884 233 849 254 507 123 311 104 906 153 1155 151 582 113 1045 147 998 72 349 21 307 212 374 54 868 82 894 29
1900 815 221 1084 77 1152 84 1035 84 535 165 608 242 1122 121 1074 120 306 154 837 176 522 80 884 233 849 254 507 123 295 113 906 153 1155 151 582 113 1006 122 988 69 355 21 307 212 393 45 868 82 925 32
1950 815 221 1096 78 1152 84 1054 62 535 165 608 242 1122 121 1074 120 306 154 837 176 522 80 884 233 849 254 507 123 295 113 906 153 1155 151 582 113 1015 75 979 51 449 41 307 212 427 78 868 82 926 32
2000 815 221 1097 78 1152 84 1057 61 538 168 608 242 1122 121 1074 120 302 128 837 176 554 95 884 233 849 254 504 142 289 91 906 153 1155 151 592 118 1022 81 983 66 509 100 347 174 428 80 868 82 989 22
2050 792 205 1113 81 1157 84 1065 78 540 171 608 242 1123 126 1074 120 318 94 837 176 577 151 881 226 832 226 502 146 280 36 906 153 1155 151 651 143 1020 84 983 70 510 103 350 173 428 80 868 82 1105 41
2100 790 204 1109 87 1149 112 1066 79 540 171 608 242 1110 139 1074 120 318 93 837 176 577 152 881 226 832 226 502 146 351 23 906 153 1156 161 656 145 1020 85 983 70 510 103 350 173 428 80 868 82 1177 74
2150 790 204 1108 86 1129 123 1066 79 540 171 608 242 1099 150 1072 118 318 93 837 176 577 152 881 226 832 226 502 146 355 23 906 153 1157 170 697 76 1020 85 983 70 510 103 350 173 428 80 868 82 1175 121
2200 790 204 1107 86 1123 123 1066 79 540 171 608 242 1097 153 1072 118 318 93 837 176 577 152 881 226 832 226 502 146 355 23 906 153 1151 186 798 25 1020 85 983 70 510 103 350 173 428 80 868 82 1157 146
2250 790 204 1103 68 1132 101 1059 63 540 171 608 242 1066 154 1060 111 318 93 837 176 577 152 881 226 832 226 502 146 355 23 906 153 1101 127 902 63 1020 85 983 70 510 103 352 148 428 80 870 94 1163 138
2300 790 204 1103 66 1134 98 1058 62 540 171 608 242 1025 129 1059 107 337 82 837 176 577 152 881 226 832 226 502 146 355 23 906 153 1099 118 959 106 1020 85 983 70 510 103 365 128 428 80 871 96 1164 138
2350 790 204 1103 66 1136 97 1060 55 540 171 608 242 1024 113 1067 101 369 87 837 176 577 152 881 226 832 226 502 146 346 26 906 153 1102 122 956 98 1021 73 980 64 510 103 367 136 428 80 871 96 1164 138
2400 790 204 1103 66 1136 97 1060 55 540 171 608 242 1030 116 1067 100 369 87 837 176 577 152 881 226 832 226 502 146 319 20 906 153 1102 122 992 104 1022 73 1027 23 510 103 367 136 428 80 871 96 1164 138
2450 790 204 1124 77 1151 113 1064 70 540 171 608 242 1028 120 1068 115 369 87 837 176 577 152 886 192 832 226 502 146 427 24 906 153 1110 127 988 103 1022 73 1126 33 510 103 367 136 428 80 871 96 1170 149
2500 790 204 1126 81 1155 117 1064 70 540 171 608 242 1028 120 1068 116 369 87 837 176 577 152 886 191 832 226 502 146 536 60 906 153 1110 127 988 103 1022 73 1174 25 510 103 367 136 428 80 871 96 1173 154
2550 790 204 1126 81 1149 122 1064 70 540 171 609 187 1028 120 1068 116 369 87 837 176 579 159 886 191 832 226 502 146 563 120 906 153 1109 127 988 103 1022 73 1176 94 510 103 367 136 428 80 871 96 1174 155
2600 790 204 1126 81 1133 141 1064 69 536 172 705 150 1022 123 1061 109 369 87 837 176 577 160 886 191 832 226 502 146 561 120 906 153 1094 133 984 100 1022 73 1172 150 510 103 367 136 428 80 871 96 1177 190
2650 790 204 1126 81 1127 132 1064 67 535 172 754 49 1021 124 1058 107 369 87 837 176 577 160 886 191 832 226 502 146 560 120 906 153 1087 134 984 100 1022 73 1153 162 510 103 367 136 428 80 871 96 1169 235
2700 790 204 1126 81 1124 125 1069 51 535 172 821 51 1008 133 1036 81 369 87 837 176 577 160 886 191 832 226 502 146 560 120 906 153 1071 115 984 100 1003 56 1155 151 510 103 367 136 428 80 871 96 1168 238
2750 790 204 1126 81 1124 125 1069 49 535 172 828 80 1007 133 1034 79 371 46 837 176 577 160 886 191 832 226 502 146 560 120 909 156 1070 113 984 100 1000 53 1155 151 510 103 397 104 431 78 876 133 1168 238
2800 790 204 1126 81 1124 125 1069 49 535 172 828 73 1007 133 1034 79 421 47 824 168 577 160 866 205 829 227 502 146 560 120 859 135 1070 113 984 100 1000 53 1155 151 510 103 397 105 436 84 808 118 1168 238
2850 790 204 1126 81 1124 125 1087 30 535 172 829 73 1007 133 1078 70 432 79 823 168 577 160 866 206 829 228 500 152 565 121 858 134 1073 120 1038 66 1001 30 1155 151 522 112 397 105 449 116 806 118 1168 238
2900 768 176 1127 81 1124 125 1089 28 536 195 829 73 1007 133 1088 68 432 79 823 165 579 166 873 204 826 208 496 161 637 127 858 134 1074 122 1050 57 936 31 1155 151 542 148 397 105 450 116 806 118 1171 257
2950 768 174 1127 81 1124 125 1089 28 536 196 829 73 1007 133 1088 68 432 79 823 164 579 166 873 204 826 208 496 161 642 109 858 134 1074 122 1050 57 992 25 1155 151 542 149 397 105 450 116 806 118 1154 276
3000 768 174 1156 90 1123 127 1130 20 536 196 829 73 1007 133 1112 89 432 79 823 164 579 166 873 204 826 208 496 161 712 46 858 134 1074 122 1050 82 1104 50 1154 150 542 149 397 105 450 116 806 118 1178 182
3050 768 174 1180 109 1096 154 1177 57 536 196 829 73 1007 133 1108 106 438 75 823 164 579 166 873 204 826 208 496 161 823 21 858 134 1057 123 1048 78 1134 67 1143 132 542 149 394 88 450 116 806 118 1177 151
3100 768 174 1178 125 1077 164 1157 90 536 196 829 73 1007 133 1099 115 444 72 823 164 579 166 873 204 826 208 496 161 924 50 858 134 1057 123 1048 78 1126 62 1129 143 542 149 464 26 450 116 806 118 1174 175
3150 768 174 1153 131 1077 164 1154 86 536 196 829 73 1007 133 1096 112 444 72 823 164 579 166 873 204 826 208 496 161 930 52 858 134 1057 123 1048 78 1124 60 1115 147 542 149 542 80 450 116 806 118 1178 178
3200 768 174 1148 128 1073 166 1163 74 536 196 829 73 1007 133 1095 111 444 72 823 164 576 169 873 204 826 208 496 161 930 52 858 134 1057 123 1048 78 1114 50 1111 149 542 148 545 107 450 116 806 118 1147 183
3250 765 163 1145 112 1059 164 1163 74 536 196 829 73 1007 133 1086 89 444 72 825 144 572 176 873 204 807 182 496 161 930 52 864 131 1057 123 1048 78 1113 50 1101 127 539 147 545 107 450 116 801 106 1175 147
3300 793 68 1145 112 1022 112 1163 74 534 186 849 46 981 117 1091 78 444 72 825 143 583 171 873 204 807 181 496 138 930 52 865 131 1065 113 1044 73 1118 45 1104 124 539 146 546 102 450 116 835 85 1175 146
3350 848 36 1145 112 1020 105 1163 74 534 186 880 65 976 84 1091 78 441 35 825 143 584 171 873 204 807 181 496 131 930 52 865 131 1066 113 1044 72 1119 44 1104 124 539 146 546 101 474 90 837 85 1175 146
3400 848 66 1145 112 1020 105 1163 74 534 186 908 127 979 81 1091 78 508 44 820 143 584 171 873 204 807 183 496 131 953 35 864 135 1066 113 1044 72 1119 44 1104 124 539 146 546 101 476 88 827 104 1175 146
3450 848 66 1146 111 1024 113 1163 74 533 193 953 205 981 98 1097 78 606 100 818 143 584 171 873 204 806 184 496 131 962 62 864 137 1068 119 1052 80 1119 44 1108 125 537 150 549 112 476 88 827 104 1175 146
3500 848 66 1151 112 1020 118 1165 71 533 193 956 208 981 98 1113 86 656 159 818 143 584 171 873 204 806 184 496 131 962 62 864 137 1068 135 1054 93 1178 31 1110 129 537 150 549 112 476 88 827 104 1175 146
3550 848 66 1139 152 1020 118 1142 109 533 193 942 162 981 98 1106 84 658 160 818 143 584 171 873 204 806 184 496 131 962 62 864 137 1057 137 1054 93 1179 96 1101 132 537 150 549 112 476 88 827 104 1178 161
3600 848 66 1129 161 1020 118 1132 111 541 151 943 147 981 98 1102 82 673 109 818 143 584 171 873 204 806 184 496 123 962 62 864 137 1056 137 1054 93 1162 138 1097 135 533 107 563 79 473 80 827 104 1179 175
3650 848 66 1125 165 1020 118 1132 110 541 150 943 147 981 98 1102 81 759 28 818 143 584 171 873 204 806 184 496 122 962 62 864 137 1056 137 1054 93 1158 142 1096 135 534 105 564 78 489 22 827 104 1158 210
3700 851 72 1122 136 1016 116 1138 96 542 150 943 147 978 98 1101 73 872 31 817 145 584 171 873 204 806 184 496 122 961 59 864 137 1050 144 1054 93 1166 138 1085 117 535 110 575 86 530 69 826 105 1116 223
3750 852 72 1123 129 1014 106 1142 88 542 155 943 147 962 99 1100 68 924 46 817 146 584 175 873 204 806 185 495 122 966 54 864 137 1021 149 1053 89 1167 137 1084 118 535 114 583 135 526 72 826 104 1119 228
3800 852 72 1123 129 1014 106 1142 88 542 155 947 95 983 76 1100 68 925 45 817 146 583 176 873 204 806 185 495 122 967 36 864 137 1020 150 1053 89 1167 137 1084 118 535 114 582 136 526 72 826 104 1132 245
3850 852 72 1123 129 1014 106 1142 88 542 155 951 30 1005 67 1100 68 908 20 817 146 583 176 873 204 806 185 494 107 995 22 864 137 1020 150 1053 89 1167 137 1084 118 537 114 582 136 526 72 826 104 1067 176
3900 860 64 1128 130 1017 116 1142 88 542 155 987 70 1030 63 1100 68 992 25 828 133 583 176 873 204 785 84 540 22 1032 20 868 137 1009 155 1059 90 1167 137 1087 125 540 113 582 136 563 50 828 91 1051 153
3950 867 66 1134 130 1017 117 1155 96 542 155 987 77 1028 78 1125 67 1077 64 828 133 583 176 873 204 838 31 627 59 1107 23 868 137 1008 158 1066 106 1174 138 1094 136 540 113 582 136 591 82 829 91 1050 153
4000 898 111 1136 144 1016 117 1166 102 542 155 986 77 1026 75 1129 72 1081 68 828 134 583 176 873 204 863 82 655 78 1169 61 868 137 1008 158 1055 106 1180 151 1090 132 540 113 582 136 582 88 823 93 1050 153
