50 62 329 -1.347 1181 461 2.684 362 550 6.343 539 105 3.128 29 406 6.731 953 555 4.302 614 461 1.204 403 375 2.469 1009 102 -0.87 165 173 2.375
100 141 267 -0.416 1091 429 4.603 472 555 5.889 431 76 5.245 140 430 6.278 875 461 3.848 650 575 2.134 296 432 3.4 1109 44 -0.137 68 217 4.689
150 229 317 1.304 1128 398 8.3 549 558 9.192 512 19 6.373 254 408 7.208 875 383 6.558 566 573 4.448 260 350 5.714 1179 93 1.781 130 148 5.817
200 201 407 2.827 1088 506 8.242 455 494 10.517 631 31 6.512 259 501 8.731 981 376 7.29 525 486 4.785 304 247 5.458 1175 212 1.525 242 105 5.957
250 159 368 5.734 1029 587 10.754 478 419 13.425 748 58 6.652 154 561 9.662 996 478 7.825 498 370 5.518 325 137 5.795 1102 274 3.048 356 75 7.282
300 194 268 4.095 1048 500 13.463 518 517 14.948 840 116 8.768 79 486 10.79 965 580 9.151 595 358 6.646 373 73 5.54 983 304 2.792 382 91 11.968
350 233 239 7.397 1024 511 17.359 484 494 18.448 740 160 9.303 146 423 12.313 859 562 8.697 712 384 6.39 480 41 7.261 871 300 3.723 408 136 14.875
400 250 355 8.13 1023 389 17.498 524 523 21.553 616 167 9.641 263 419 13.836 777 552 11.605 781 441 8.507 474 143 8.191 795 210 4.653 330 228 15.015
450 187 385 12.025 1068 277 18.429 408 550 22.285 501 128 10.571 254 513 16.15 794 454 10.558 710 540 8.449 428 258 8.331 851 114 5.583 226 250 17.527
500 214 286 11.967 1183 275 19.754 310 484 22.227 518 24 12.292 270 468 20.243 849 393 13.07 614 588 9.774 353 346 9.854 955 135 6.514 286 173 19.643
550 298 277 14.281 1140 373 20.882 257 427 24.937 617 53 13.025 227 472 25.127 949 432 11.826 551 503 10.309 272 280 11.773 1067 104 6.258 269 187 24.527
600 276 385 15.014 1104 487 20.627 344 358 24.286 728 80 12.769 224 496 30.011 980 469 15.128 568 418 12.228 304 210 10.726 1156 138 7.979 279 181 29.411
650 227 359 17.526 1062 589 22.545 409 364 27.193 841 116 13.106 247 503 34.895 951 560 13.686 682 383 12.17 350 124 12.052 1153 255 8.316 289 158 34.294
700 237 264 19.049 970 516 23.08 352 471 27.728 812 180 15.618 258 481 39.779 896 557 15.803 777 389 14.879 463 88 12.587 1059 272 9.642 284 133 39.178
750 304 322 20.572 953 398 24.011 280 460 30.437 689 192 15.758 238 467 44.662 796 584 16.733 716 489 14.624 574 99 14.505 941 234 9.782 260 132 44.062
800 242 381 23.875 1023 300 24.743 361 379 30.774 575 155 16.886 221 483 49.546 801 488 16.477 634 579 15.949 530 203 14.645 854 158 11.7 255 156 48.946
850 311 354 27.177 1143 282 25.476 466 326 31.507 614 66 19.2 234 503 54.43 771 379 18.001 588 497 16.287 461 306 15.18 935 169 12.433 277 165 53.83
900 292 341 32.061 1176 368 26.999 475 386 34.216 725 97 18.944 256 493 59.314 836 276 18.14 533 397 17.019 349 348 16.308 1023 165 13.759 290 144 58.713
950 275 358 36.945 1139 482 26.941 394 375 37.519 840 129 19.281 250 470 64.198 927 294 19.861 566 312 19.136 296 271 16.25 1108 196 13.108 272 128 63.597
1000 289 378 41.829 1095 588 28.662 395 399 42.403 844 195 21.793 226 472 69.081 970 390 21.385 683 329 18.88 323 217 18.564 1117 281 15.817 253 144 68.481
1050 311 367 46.712 1008 522 29 419 402 47.286 722 203 22.13 224 496 73.965 902 485 20.536 756 375 20.996 432 180 17.518 1002 269 15.957 265 165 73.365
1100 304 344 51.596 942 426 29.732 426 378 52.17 661 138 25.037 247 502 78.849 924 575 20.28 690 478 20.938 463 98 19.634 889 220 16.689 287 157 78.249
1150 280 347 56.48 987 321 31.058 405 368 57.054 772 141 25.375 258 480 83.733 869 546 22.199 603 517 23.45 546 175 19.774 915 165 19.399 283 133 83.132
1200 279 371 61.364 1105 300 31.988 390 387 61.938 882 188 26.503 238 467 88.617 774 530 24.118 588 405 23.787 583 274 21.297 1019 215 19.538 259 133 88.016
1250 302 376 66.248 1122 396 33.314 407 405 66.822 858 195 31.386 221 484 93.5 757 421 23.269 598 290 25.113 485 345 21.634 1114 239 20.666 255 157 92.9
1300 312 354 71.131 1094 513 32.861 387 394 71.705 853 246 34.096 235 504 98.384 789 315 25.385 675 324 27.032 405 372 21.972 1044 296 22.19 278 165 97.784
1350 289 342 76.015 1052 574 34.977 369 373 76.589 747 310 34.038 257 493 103.268 900 335 25.723 656 445 26.776 307 330 23.693 924 272 22.725 290 144 102.668
1400 260 366 80.899 956 511 35.907 346 379 81.473 681 291 37.735 250 470 108.152 979 408 27.246 610 546 28.892 314 230 25.414 901 191 25.434 271 128 107.551
1450 275 385 85.783 936 393 36.442 348 403 86.357 761 332 40.445 226 472 113.036 916 490 28.176 620 466 29.427 426 241 24.367 1010 221 25.969 253 144 112.435
1500 296 373 90.666 1016 311 37.57 378 316 86.101 755 310 45.329 224 497 117.919 805 539 28.118 620 387 31.741 460 156 25.1 1111 256 26.504 265 165 117.319
1550 288 350 95.55 1097 297 38.303 434 299 88.613 731 312 50.212 248 502 122.803 778 475 29.444 729 425 32.474 573 129 25.24 1074 311 28.423 288 156 122.203
1600 264 354 100.434 1161 360 39.629 499 384 90.927 724 343 53.712 257 480 127.687 755 368 30.177 692 514 34.195 583 204 27.356 955 295 28.562 283 133 127.087
1650 264 378 105.318 1127 474 39.57 498 361 95.811 619 285 54.445 237 467 132.571 830 314 32.095 574 519 35.323 502 297 27.693 924 234 31.865 259 133 131.97
1700 288 383 110.202 1088 584 40.698 474 359 100.694 600 172 55.375 221 484 137.454 937 362 32.037 515 416 36.253 389 344 28.426 1034 223 31.214 255 157 136.854
1750 296 360 115.085 983 547 41.629 467 382 105.578 671 109 57.492 235 504 142.338 945 438 34.154 598 376 37.777 319 279 29.949 1112 266 33.33 278 165 141.738
1800 275 348 119.969 936 442 42.361 489 393 110.462 744 200 57.434 257 492 147.222 845 501 33.7 717 380 37.719 391 217 30.88 1018 300 34.458 290 143 146.622
1850 260 366 124.853 972 332 43.489 503 373 115.346 807 299 58.957 249 469 152.106 749 540 36.014 732 456 40.033 493 160 30.821 900 281 35.784 270 128 151.506
1900 275 385 129.737 1089 304 44.222 486 356 120.23 793 282 63.841 225 473 156.99 755 432 35.758 640 512 42.347 603 132 32.74 953 255 37.505 253 145 156.389
1950 296 373 134.621 1122 390 45.745 466 369 125.113 741 317 66.155 225 497 161.873 799 345 36.491 697 439 43.475 568 227 33.67 1041 255 39.621 266 165 161.273
2000 288 350 139.504 1117 506 45.687 476 391 129.997 629 268 66.888 248 502 166.757 867 305 39.201 752 460 47.568 486 320 34.205 963 315 40.947 288 156 166.157
2050 264 354 144.388 1063 584 47.804 500 385 134.881 608 160 68.016 257 479 171.641 882 414 39.142 765 439 52.452 418 274 36.322 909 255 44.447 282 132 171.041
2100 264 378 149.272 973 512 48.339 497 361 139.765 689 120 69.934 237 467 176.525 942 480 35.922 747 423 57.335 497 201 37.45 919 307 48.342 258 134 175.925
2150 288 383 154.156 923 400 48.676 473 359 144.649 780 196 69.679 221 485 181.409 988 449 40.212 728 438 62.219 605 205 39.566 942 302 53.226 255 158 180.808
2200 296 360 159.04 985 316 49.409 467 382 149.532 883 258 70.411 236 504 186.292 969 548 38.573 739 459 67.103 545 296 40.101 941 278 57.319 279 164 185.692
2250 275 348 163.923 1068 341 49.746 489 392 154.416 820 308 72.132 257 492 191.176 932 564 41.085 762 452 71.987 439 325 42.415 1033 247 57.261 289 143 190.576
2300 260 367 168.807 1122 405 52.06 503 372 159.3 696 312 72.47 249 469 196.06 819 564 41.422 759 428 76.871 502 258 42.357 1034 308 60.959 270 128 195.46
2350 276 385 173.691 1133 515 52.2 486 356 164.184 596 253 73.795 225 473 200.944 767 472 41.957 734 427 81.754 557 194 44.276 1058 304 65.843 252 145 200.344
2400 296 372 178.575 1062 578 53.921 466 370 169.067 613 187 73.935 225 497 205.828 760 416 42.492 747 394 86.638 577 221 45.997 1058 280 70.726 266 165 205.227
2450 287 350 183.459 967 508 54.456 477 391 173.951 687 138 76.051 249 502 210.711 834 353 42.829 764 387 91.522 523 328 46.73 1034 276 75.61 288 155 210.111
2500 264 355 188.342 916 397 55.188 500 385 178.835 790 197 75.796 257 479 215.595 918 271 44.353 776 366 96.406 489 294 50.23 1026 299 80.494 282 132 214.995
2550 264 379 193.226 969 343 55.328 497 361 183.719 897 250 76.924 236 467 220.479 980 324 46.074 758 350 101.29 534 335 54.125 1047 311 84.982 258 134 219.879
2600 288 382 198.11 1002 324 56.258 473 359 188.603 825 297 78.447 221 486 225.363 970 377 46.016 718 402 103.604 552 319 59.009 930 301 85.32 256 158 224.762
2650 296 359 202.994 1101 346 57.979 467 383 193.486 701 299 78.784 236 504 230.247 954 487 46.748 596 399 104.336 539 299 63.893 929 245 89.017 279 164 229.646
2700 274 348 207.878 1150 437 58.514 490 392 198.37 603 243 80.703 257 492 235.13 864 558 45.504 564 298 105.662 516 308 68.776 960 332 91.529 289 142 234.53
2750 260 367 212.761 1110 548 58.456 503 372 203.254 672 164 81.831 248 469 240.014 815 589 46.237 655 283 107.185 522 331 73.66 972 312 96.413 269 129 239.414
2800 276 385 217.645 1029 560 59.98 485 356 208.138 786 191 81.971 225 474 244.898 736 589 47.562 683 341 111.081 546 330 78.544 954 297 101.297 252 146 244.298
2850 296 372 222.529 941 490 60.91 466 370 213.022 896 236 83.099 225 498 249.782 753 526 49.679 706 333 115.964 549 306 83.428 935 312 106.181 267 165 249.181
2900 287 350 227.413 917 370 61.84 477 392 217.905 834 307 84.424 249 501 254.666 752 437 49.423 702 309 120.848 526 299 88.312 947 333 110.669 288 155 254.065
2950 263 355 232.297 1012 321 63.561 500 384 222.789 719 346 85.157 257 478 259.549 830 375 48.97 678 309 125.732 515 321 93.195 902 252 113.378 282 132 258.949
3000 265 379 237.18 1091 377 62.91 497 360 227.673 646 269 87.076 236 467 264.433 910 333 51.284 673 333 130.616 534 335 98.079 989 306 115.099 258 134 263.833
3050 289 382 242.064 1149 452 63.445 473 360 232.557 717 206 88.797 221 486 269.317 971 425 52.412 696 341 135.5 552 319 102.963 968 298 119.983 256 158 268.717
3100 296 359 246.948 1143 547 65.166 468 383 237.441 796 291 89.727 237 504 274.201 943 529 52.749 708 321 140.383 538 298 107.847 952 316 124.867 280 164 273.6
3150 274 348 251.832 1044 570 66.492 490 392 242.324 720 346 92.239 257 491 279.085 850 589 52.889 690 305 145.267 516 308 112.731 967 335 129.751 289 142 278.484
3200 260 368 256.716 951 501 67.224 503 371 247.208 747 290 94.75 248 469 283.968 757 590 53.424 669 290 150.151 522 332 117.614 988 323 134.635 269 129 283.368
3250 277 385 261.599 923 383 67.957 484 356 252.092 738 314 99.436 224 474 288.852 754 524 55.935 681 311 155.035 546 330 122.498 980 300 139.518 252 146 288.252
3300 297 371 266.483 972 332 68.887 466 371 256.976 758 327 104.32 226 498 293.736 750 431 55.68 704 302 159.919 549 306 127.382 993 307 144.402 267 166 293.136
3350 287 349 271.367 1049 366 69.422 478 392 261.86 773 305 109.204 250 501 298.62 788 324 56.215 699 279 164.802 525 299 132.266 1018 314 149.286 289 154 298.019
3400 263 356 276.251 1119 445 69.76 500 384 266.743 750 268 114.088 257 478 303.504 879 296 57.54 675 279 169.686 515 321 137.15 1043 318 154.17 281 131 302.903
3450 265 380 281.135 1174 526 71.481 496 360 271.627 729 278 118.972 235 467 308.387 968 363 57.68 671 303 174.57 535 335 142.033 1051 295 159.054 257 135 307.787
3500 289 382 286.018 1077 581 72.411 472 360 276.511 735 302 123.855 221 487 313.271 941 456 58.61 694 311 179.454 552 318 146.917 1030 283 163.937 256 159 312.671
3550 295 358 290.902 968 550 73.539 468 384 281.395 760 299 128.739 237 504 318.155 944 551 56.378 706 289 184.338 538 298 151.801 1015 301 168.821 280 164 317.555
3600 273 348 295.786 945 438 73.876 491 392 286.279 761 275 133.623 257 490 323.039 973 589 60.076 687 274 189.221 516 309 156.685 1030 320 173.705 289 141 322.438
3650 260 368 300.67 1014 371 75.597 503 371 291.162 737 269 138.507 248 468 327.922 867 547 59.029 669 290 194.105 523 332 161.569 1051 308 178.589 268 129 327.322
3700 277 385 305.553 1080 445 75.539 484 356 296.046 728 291 143.391 224 474 332.806 804 589 58.576 681 311 198.989 547 329 166.452 1043 285 183.473 252 147 332.206
3750 297 371 310.437 1163 504 76.667 466 371 300.93 748 305 148.274 226 499 337.69 737 589 60.099 708 304 202.687 548 305 171.336 1019 290 188.356 268 166 337.09
3800 286 349 315.321 1118 581 78.981 478 392 305.814 765 287 153.158 250 501 342.574 745 518 60.832 703 425 202.629 525 300 176.22 1019 314 193.24 289 154 341.974
3850 263 356 320.205 1002 576 78.528 501 383 310.698 750 268 158.042 256 477 347.458 763 437 61.96 722 547 202.768 515 322 181.104 1043 318 198.124 281 131 346.857
3900 266 380 325.089 943 500 79.854 496 360 315.581 728 279 162.926 234 467 352.341 849 365 61.309 655 568 206.071 535 335 185.988 1051 295 203.008 257 135 351.741
3950 290 381 329.972 964 395 82.168 472 360 320.465 736 302 167.81 221 487 357.225 920 360 62.832 728 504 207.594 552 317 190.871 1030 283 207.892 257 159 356.625
4000 295 358 334.856 1065 436 82.11 468 384 325.349 760 298 172.693 238 504 362.109 999 376 65.146 723 530 212.478 537 298 195.755 1015 302 212.775 281 163 361.509
50 1112 48 -0.789 983 464 1.781 576 400 5.098 1027 588 3.143 33 237 3.569 912 374 -2.757 1055 551 3.972 680 464 1.905 392 483 3.344 796 570 4.912
100 1183 25 1.919 960 456 6.467 585 286 4.249 1026 543 8.027 62 153 5.488 881 281 -1.431 1076 525 8.856 612 544 3.824 381 409 5.263 819 576 9.795
150 1188 101 0.675 1045 493 7.991 498 209 4.191 1002 536 12.91 122 60 3.453 942 208 0.091 1071 517 13.74 550 468 5.15 431 301 5.007 830 555 14.679
200 1156 171 3.78 967 547 9.514 515 110 5.517 992 558 17.794 102 23 6.36 1066 205 -0.163 1051 531 18.624 528 381 3.708 496 254 7.519 811 540 19.563
250 1051 174 2.338 913 465 10.84 591 21 6.447 1011 572 22.678 218 18 6.302 1185 185 0.568 1053 555 23.507 525 337 6.22 544 345 7.856 793 556 24.051
300 940 214 3.466 921 354 12.956 699 55 6.587 1028 556 27.562 331 42 7.034 1180 273 2.289 1103 465 24.24 628 359 7.348 507 390 11.751 814 441 23.4
350 833 167 5.187 1018 409 13.491 804 114 7.319 1015 535 32.446 371 147 8.162 1094 333 3.615 1161 359 23.589 624 470 8.476 523 409 16.635 743 365 21.959
400 840 86 4.338 1057 513 15.607 808 218 8.052 993 545 37.329 337 267 8.302 980 336 2.766 1169 240 23.729 525 530 9.801 543 397 21.519 707 299 24.47
450 893 19 6.257 962 477 16.735 764 332 8.785 996 573 42.213 274 372 8.837 876 319 4.685 1186 194 26.833 422 474 11.522 535 374 26.403 800 260 26.587
500 1008 41 6.792 906 374 18.061 654 343 9.913 1020 572 47.097 163 423 9.57 815 246 3.441 1148 306 27.368 475 376 11.662 483 450 27.926 771 360 28.308
550 1117 98 6.339 923 389 22.945 564 291 9.657 1023 548 51.981 55 374 10.105 773 159 4.767 1047 372 28.694 536 299 13.185 366 487 28.263 658 331 29.04
600 1188 127 6.874 944 378 27.829 477 233 10.192 999 541 56.865 27 275 11.035 848 141 6.685 1042 298 30.81 617 366 13.325 244 470 28.798 693 292 31.75
650 1144 165 9.583 936 355 32.713 429 125 10.134 989 563 61.748 67 164 11.57 965 177 7.023 1115 212 28.776 623 455 16.627 135 410 28.938 787 360 33.273
700 1076 225 9.92 912 359 37.596 354 32 11.46 1009 577 66.632 130 62 11.117 1020 274 8.151 1034 211 30.101 641 395 20.325 90 317 31.054 746 356 36.378
750 977 194 10.653 912 383 42.48 439 52 12.983 1026 560 71.516 204 29 13.035 955 354 9.476 1081 230 33.008 617 394 25.209 99 339 35.938 800 324 39.878
800 895 130 10.397 901 411 47.364 553 101 12.727 1012 540 76.4 309 93 12.78 876 358 10.407 1032 323 34.729 612 418 30.093 123 337 40.822 722 405 40.808
850 939 77 12.514 909 389 52.248 671 97 11.483 990 551 81.284 364 169 14.501 794 292 9.36 959 290 37.834 604 426 34.977 132 302 44.124 636 384 41.145
900 1054 85 12.851 888 376 57.132 726 10 13.402 997 574 86.167 305 277 14.838 774 220 11.476 952 314 42.718 613 405 39.86 188 345 47.624 625 302 43.262
950 1176 90 12.793 873 395 62.015 745 112 14.332 1021 571 91.051 223 360 15.768 776 126 9.837 993 214 43.846 595 390 44.744 202 326 52.508 696 303 46.96
1000 1190 136 13.723 888 413 66.899 722 234 14.472 1022 547 95.935 130 316 16.303 791 50 11.163 1107 175 43.59 576 405 49.628 183 296 57.392 695 279 51.843
1050 1138 178 16.235 909 401 71.783 657 309 15.6 999 542 100.819 108 232 18.42 862 32 12.488 1184 194 45.509 588 426 54.512 163 310 62.276 655 285 56.727
1100 1036 198 15.781 888 352 73.899 550 272 16.332 989 564 105.703 197 153 17.373 939 114 13.616 1113 237 48.021 611 418 59.396 173 332 67.16 645 309 61.611
1150 996 169 17.503 935 309 77.795 449 200 16.472 1010 577 110.586 152 66 18.303 965 198 13.954 1108 163 51.521 607 394 64.279 196 325 72.043 666 320 66.495
1200 973 75 15.863 921 290 82.678 405 104 17.798 1026 559 115.47 251 60 19.234 943 310 15.279 1084 167 56.404 583 394 69.163 194 301 76.927 681 301 71.379
1250 950 15 19.165 899 300 87.562 467 14 19.321 1012 540 120.354 349 124 20.164 828 341 15.814 1084 192 61.288 579 418 74.047 170 299 81.811 664 283 76.262
1300 1064 37 18.91 906 323 92.446 550 89 19.856 990 551 125.238 351 245 20.699 719 300 17.338 1108 196 65.777 601 426 78.931 164 323 86.695 644 296 81.146
1350 1183 38 19.247 930 321 97.33 611 198 19.996 997 574 130.121 295 351 21.827 650 226 17.477 1000 244 65.916 613 405 83.815 186 333 91.579 654 319 86.03
1400 1189 109 19.584 931 297 102.214 613 300 22.705 1021 571 135.005 225 292 23.943 713 147 18.21 919 203 69.021 595 390 88.698 200 313 96.462 677 313 90.914
1450 1159 189 22.887 908 291 107.097 527 232 22.845 1022 547 139.889 185 203 23.688 800 71 17.559 918 227 73.905 576 405 93.582 182 296 101.346 675 289 95.798
1500 1068 175 21.445 898 313 111.981 459 141 23.973 998 542 144.773 241 123 23.234 872 19 19.28 942 232 78.789 589 426 98.466 163 310 106.23 651 286 100.681
1550 1014 122 23.166 918 326 116.865 462 30 24.705 989 564 149.657 273 23 25.153 933 116 20.21 950 209 83.672 611 417 103.35 174 332 111.114 645 310 105.565
1600 932 64 24.294 935 309 121.749 564 45 25.833 1010 577 154.54 340 83 26.676 958 236 20.548 930 197 88.556 607 394 108.233 197 325 115.997 667 320 110.449
1650 1016 17 25.422 920 290 126.633 630 145 26.368 1026 559 159.424 342 205 26.816 897 314 22.664 914 216 93.44 582 394 113.117 194 301 120.881 681 300 115.333
1700 1129 52 25.562 899 301 131.516 646 265 27.496 1011 540 164.308 271 271 29.723 781 286 22.408 929 234 98.324 579 418 118.001 170 300 125.765 664 283 120.217
1750 1189 93 25.701 906 324 136.4 562 239 28.822 990 552 169.192 269 166 29.27 731 206 24.327 950 223 103.208 602 426 122.885 164 323 130.649 644 297 125.1
1800 1180 171 28.015 930 320 141.284 458 173 28.962 998 574 174.076 254 79 30.991 799 109 24.071 942 200 108.091 613 404 127.769 187 333 135.533 654 319 129.984
1850 1091 179 29.341 931 296 146.168 367 94 29.694 1022 571 178.959 346 69 32.909 846 9 25.595 918 204 112.975 594 390 132.652 200 312 140.416 677 312 134.868
1900 1001 152 29.876 907 291 151.052 325 25 30.822 1022 546 183.843 347 168 32.851 916 103 26.327 918 228 117.859 576 406 137.536 182 296 145.3 675 288 139.752
1950 935 73 29.027 898 314 155.935 422 28 31.753 998 542 188.727 303 256 35.758 948 217 26.862 943 236 122.743 589 426 142.42 163 311 150.184 651 287 144.635
2000 960 14 31.539 919 326 160.819 532 76 31.892 990 565 193.611 303 163 35.305 884 290 28.979 950 220 127.627 612 417 147.304 174 332 155.068 645 310 149.519
2050 1076 34 31.481 935 308 165.703 617 158 32.625 1011 577 198.495 261 61 36.631 779 234 28.525 929 208 132.51 606 393 152.188 197 324 159.952 667 320 154.403
2100 1188 26 32.016 920 289 170.587 638 274 34.148 1026 558 203.378 314 48 40.526 667 183 29.06 914 227 137.394 582 395 157.071 193 301 164.835 681 300 159.287
2150 1190 94 31.958 898 301 175.471 527 305 34.881 1010 540 208.262 309 24 45.41 673 94 30.781 930 245 142.278 579 419 161.955 169 300 169.719 663 283 164.171
2200 1185 189 34.074 906 324 180.354 414 258 35.218 990 552 213.146 285 24 50.294 767 23 31.514 950 233 147.162 602 425 166.839 165 324 174.603 644 298 169.054
2250 1104 157 34.214 930 320 185.238 332 171 36.346 998 575 218.03 282 48 55.178 881 42 32.444 942 210 152.046 613 404 171.723 187 332 179.487 655 319 173.938
2300 1018 159 35.54 930 296 190.122 294 74 37.474 1022 570 222.914 304 55 60.061 938 145 32.781 918 215 156.929 594 390 176.607 200 312 184.371 678 312 178.822
2350 929 112 36.865 907 292 195.006 358 48 34.846 1021 546 227.797 324 46 64.945 930 244 33.909 918 259 161.813 576 406 181.49 181 296 189.254 675 288 183.706
2400 1001 41 36.412 898 314 199.89 292 42 36.765 998 542 232.681 279 24 69.038 870 298 34.247 905 284 166.697 590 426 186.374 163 311 194.138 650 287 188.59
2450 1096 30 37.737 920 344 204.773 397 19 37.695 990 565 237.565 270 37 73.922 749 320 34.782 912 244 171.581 612 416 191.258 174 332 199.022 645 311 193.473
2500 1148 30 37.086 936 325 209.657 515 39 38.23 1011 577 242.449 294 59 78.806 644 302 35.712 890 233 176.465 606 393 196.142 197 324 203.906 663 291 198.357
2550 1184 63 38.61 920 307 214.541 602 118 38.963 1026 558 247.333 303 37 83.69 593 212 36.84 875 252 181.348 582 395 201.026 193 300 208.79 683 262 203.241
2600 1190 126 38.354 899 319 219.425 588 200 40.289 1010 540 252.216 282 24 88.573 687 177 36.782 892 270 186.232 580 419 205.909 169 300 213.673 665 246 208.125
2650 1153 192 41.656 908 342 224.309 479 245 41.021 989 553 257.1 266 42 93.457 741 75 36.526 923 249 190.721 603 425 210.793 165 324 218.557 646 261 213.009
2700 1055 159 40.215 931 337 229.192 379 180 41.556 999 575 261.984 281 61 98.341 814 21 38.445 906 231 195.011 613 403 215.677 188 332 223.441 657 282 217.892
2750 942 191 41.145 931 313 234.076 368 80 41.894 1022 570 266.868 302 49 103.225 898 108 38.782 902 259 199.895 593 390 220.561 199 311 228.325 680 274 222.776
2800 913 135 43.657 907 309 238.96 408 18 44.603 1021 546 271.752 295 27 108.109 923 218 39.713 990 235 201.023 576 407 225.445 181 296 233.209 677 250 227.66
2850 1009 73 42.215 899 332 243.844 505 90 44.545 997 543 276.635 271 30 112.992 839 254 41.236 1114 227 200.767 590 427 230.328 162 312 238.092 652 250 232.544
2900 940 70 41.366 921 344 248.728 609 141 45.475 990 566 281.519 270 54 117.876 727 210 41.178 1188 232 201.698 612 416 235.212 175 332 242.976 648 274 237.428
2950 963 17 44.076 936 325 253.611 575 243 47.196 1012 577 286.403 294 59 122.76 629 142 42.306 1155 306 205.395 605 393 240.096 198 324 247.86 671 282 242.311
3000 1077 35 44.018 919 307 258.495 469 204 47.731 1026 557 291.287 303 36 127.644 687 63 43.434 1167 210 206.523 581 395 244.98 193 300 252.744 683 261 247.195
3050 1162 12 44.157 899 320 263.379 382 116 48.859 1009 540 296.171 282 24 132.528 794 16 44.167 1156 227 211.407 580 420 249.864 168 301 257.628 664 246 252.079
3100 1186 76 44.495 908 342 268.263 431 22 50.383 989 553 301.054 266 42 137.411 894 56 45.295 1176 216 216.291 603 425 254.747 165 325 262.511 646 261 256.963
3150 1190 145 44.436 932 337 273.146 541 50 51.115 999 575 305.938 282 61 142.295 924 176 45.632 1161 198 221.175 613 403 259.631 188 332 267.395 658 282 261.847
3200 1161 212 48.134 931 313 278.03 604 154 51.65 1023 569 310.822 302 49 147.179 865 251 47.946 1128 209 225.07 593 390 264.515 199 311 272.279 681 274 266.73
3250 1093 175 46.297 907 310 282.914 557 247 54.162 1021 545 315.706 294 26 152.063 760 195 48.481 1142 203 229.954 576 407 269.399 180 296 277.163 676 250 271.614
3300 1009 141 46.832 900 333 287.798 472 170 54.104 997 543 320.589 270 31 156.947 786 97 48.62 1158 185 234.838 591 427 274.283 162 312 282.047 652 250 276.498
3350 941 85 47.762 921 344 292.682 438 69 54.441 990 566 325.473 271 55 161.83 832 11 50.935 1143 166 239.722 612 415 279.166 175 333 286.93 648 274 281.382
3400 931 10 50.867 936 324 297.565 479 28 56.953 1012 577 330.357 294 59 166.714 897 99 51.469 1122 177 244.605 605 392 284.05 198 323 291.814 671 282 286.266
3450 1039 53 50.414 919 307 302.449 590 75 57.686 1026 557 335.241 302 36 171.598 919 217 52.4 1128 201 248.699 581 396 288.934 192 300 296.698 683 261 291.149
3500 1146 27 50.158 899 320 307.333 621 185 58.616 1009 540 340.125 281 24 176.482 817 244 53.528 1022 230 248.048 580 420 293.818 168 301 301.582 664 246 296.033
3550 1187 66 50.693 909 342 312.217 541 236 61.128 989 554 345.008 266 43 181.365 698 217 54.063 940 192 251.152 604 425 298.701 165 325 306.465 646 262 300.917
3600 1190 125 50.833 932 336 317.101 477 148 60.872 1000 575 349.892 282 61 186.249 652 130 55.784 941 215 256.036 613 402 303.585 189 332 311.349 658 282 305.801
3650 1186 201 52.949 930 312 321.984 465 39 61.802 1023 569 354.776 303 48 191.133 737 49 55.726 965 218 260.92 592 390 308.469 199 310 316.233 681 273 310.685
3700 1106 163 53.879 906 310 326.868 552 45 63.721 1020 545 359.66 294 26 196.017 844 21 56.656 980 185 264.025 576 408 313.353 180 296 321.117 676 250 315.568
3750 1007 183 53.624 900 333 331.752 621 143 64.256 996 543 364.544 270 31 200.901 909 107 57.784 1102 200 263.967 591 427 318.237 162 313 326.001 652 251 320.452
3800 940 124 55.147 922 343 336.636 570 219 66.768 990 567 369.427 271 55 205.784 913 229 59.11 1167 260 267.269 612 415 323.12 176 333 330.884 648 275 325.336
3850 888 43 55.287 936 324 341.52 482 138 67.5 1013 576 374.311 295 58 210.668 814 213 60.238 1086 200 268.595 604 392 328.004 198 323 335.768 672 282 330.22
3900 963 17 56.81 918 307 346.403 517 41 67.838 1026 556 379.195 302 35 215.552 780 114 61.168 1112 196 273.478 581 396 332.888 192 299 340.652 683 260 335.103
3950 1078 31 56.357 899 321 351.287 603 41 70.349 1008 540 384.079 281 24 220.436 812 12 63.284 1119 173 278.362 581 420 337.772 168 301 345.536 663 246 339.987
4000 1167 10 56.694 909 342 356.171 631 158 70.884 989 554 388.963 266 44 225.32 896 79 64.215 1097 164 283.246 604 425 342.656 166 325 350.42 646 262 344.871
