Gen,Fevals,gbest,Mean Vel.,Mean lbest,Avg. Dist.
1,10,5.22385e+12,0.369532,5.57705e+12,0.905018
2,20,5.20049e+12,0.136949,5.49765e+12,1.01274
3,30,5.20049e+12,0.169774,5.42887e+12,1.10373
4,40,4.29017e+12,0.423675,5.30142e+12,0.976367
5,50,4.29017e+12,0.269569,5.22364e+12,0.820688
6,60,4.29017e+12,0.280008,5.1596e+12,0.827096
7,70,4.29017e+12,0.20268,5.1596e+12,0.758544
8,80,4.29017e+12,0.169845,5.09704e+12,0.812671
9,90,4.29017e+12,0.173354,5.07054e+12,0.857422
10,100,4.29017e+12,0.30522,5.07054e+12,0.697697
11,110,4.29017e+12,0.215369,5.07054e+12,0.662912
12,120,4.29017e+12,0.210368,5.00664e+12,0.741455
13,130,4.29017e+12,0.0692649,4.97408e+12,0.894228
14,140,4.29017e+12,0.225995,4.97408e+12,0.757157
15,150,4.29017e+12,0.119619,4.95329e+12,0.714165
16,160,4.29017e+12,0.16458,4.90032e+12,0.658219
17,170,4.29017e+12,0.119511,4.83555e+12,0.638257
18,180,4.29017e+12,0.129706,4.75966e+12,0.66429
19,190,4.29017e+12,0.264712,4.75966e+12,0.675652
20,200,4.29017e+12,0.183311,4.75966e+12,0.733882
21,210,4.29017e+12,0.153708,4.75966e+12,0.643846
22,220,4.29017e+12,0.108493,4.72524e+12,0.617286
23,230,4.29017e+12,0.198202,4.72524e+12,0.664903
24,240,4.29017e+12,0.0988936,4.66424e+12,0.65963
25,250,4.29017e+12,0.162481,4.66424e+12,0.686356
26,260,4.29017e+12,0.126983,4.66424e+12,0.631956
27,270,4.29017e+12,0.0873763,4.66424e+12,0.580433
28,280,4.29017e+12,0.0889986,4.66424e+12,0.67024
29,290,4.29017e+12,0.118588,4.66424e+12,0.646545
30,300,4.29017e+12,0.10785,4.66424e+12,0.626317
31,310,4.29017e+12,0.0861728,4.66424e+12,0.653637
32,320,4.29017e+12,0.124029,4.66424e+12,0.599401
33,330,4.29017e+12,0.108954,4.64981e+12,0.677733
34,340,4.29017e+12,0.146761,4.64981e+12,0.682078
35,350,4.29017e+12,0.0975572,4.64981e+12,0.669851
36,360,4.29017e+12,0.100176,4.64981e+12,0.639084
37,370,4.29017e+12,0.0948928,4.64981e+12,0.710284
38,380,4.29017e+12,0.062111,4.64981e+12,0.736777
39,390,4.29017e+12,0.122221,4.61989e+12,0.688307
40,400,4.17989e+12,0.0656462,4.52958e+12,0.626921
41,410,4.17989e+12,0.213003,4.52958e+12,0.778284
42,420,4.17989e+12,0.141957,4.52958e+12,0.804655
43,430,4.17989e+12,0.0711739,4.52958e+12,0.729936
44,440,4.17989e+12,0.176586,4.52958e+12,0.682969
45,450,4.17989e+12,0.145036,4.52958e+12,0.634922
46,460,4.17989e+12,0.0842754,4.52958e+12,0.739564
47,470,4.17989e+12,0.0782608,4.52958e+12,0.675375
48,480,4.17989e+12,0.0928504,4.52958e+12,0.711694
49,490,4.17989e+12,0.0640669,4.50939e+12,0.674259
50,500,4.17989e+12,0.137773,4.50939e+12,0.707697
51,510,4.17989e+12,0.137713,4.48131e+12,0.73857
52,520,4.17989e+12,0.197956,4.48131e+12,0.67167
53,530,4.17989e+12,0.152989,4.48131e+12,0.69352
54,540,4.17989e+12,0.12254,4.48131e+12,0.758467
55,550,4.17989e+12,0.103802,4.48131e+12,0.700929
56,560,4.17989e+12,0.14917,4.48131e+12,0.674241
57,570,4.17989e+12,0.17713,4.48131e+12,0.629781
58,580,4.17989e+12,0.0777397,4.48131e+12,0.730453
59,590,4.17989e+12,0.180378,4.4723e+12,0.675163
60,600,4.17989e+12,0.16388,4.4723e+12,0.774309
61,610,4.17989e+12,0.124792,4.4723e+12,0.756206
62,620,4.17989e+12,0.190402,4.46533e+12,0.724715
63,630,4.17989e+12,0.142231,4.46533e+12,0.669151
64,640,4.17989e+12,0.157326,4.42166e+12,0.551828
65,650,4.17989e+12,0.0878479,4.42166e+12,0.711462
66,660,4.17989e+12,0.139782,4.42166e+12,0.778057
67,670,4.17989e+12,0.105556,4.42166e+12,0.655933
68,680,4.17989e+12,0.0781651,4.42166e+12,0.588272
69,690,4.17989e+12,0.0872307,4.42166e+12,0.67631
70,700,4.17989e+12,0.0754716,4.42166e+12,0.733385
71,710,4.17989e+12,0.106831,4.42166e+12,0.714663
72,720,4.17989e+12,0.0481724,4.42166e+12,0.697663
73,730,4.17989e+12,0.114002,4.42166e+12,0.635608
74,740,4.17989e+12,0.107492,4.42166e+12,0.718023
75,750,4.17989e+12,0.133015,4.42166e+12,0.703771
76,760,4.17989e+12,0.0852467,4.42166e+12,0.681622
77,770,4.17989e+12,0.127224,4.42166e+12,0.673042
78,780,4.17989e+12,0.107173,4.42166e+12,0.696566
79,790,4.17989e+12,0.136993,4.42166e+12,0.658384
80,800,4.17989e+12,0.0861354,4.42166e+12,0.766713
81,810,4.17989e+12,0.0824763,4.4164e+12,0.724214
82,820,4.17989e+12,0.114267,4.4164e+12,0.642426
83,830,4.17989e+12,0.147033,4.4164e+12,0.679719
84,840,4.17989e+12,0.13173,4.4164e+12,0.672874
85,850,4.17989e+12,0.10678,4.4164e+12,0.737369
86,860,4.17989e+12,0.0895213,4.4164e+12,0.641329
87,870,4.17989e+12,0.0996119,4.41545e+12,0.591654
88,880,4.17989e+12,0.0792396,4.41545e+12,0.653665
89,890,4.17989e+12,0.05614,4.41545e+12,0.690954
90,900,4.17989e+12,0.0766139,4.41545e+12,0.621321
91,910,4.17989e+12,0.0509426,4.38955e+12,0.64372
92,920,4.17989e+12,0.0647286,4.38955e+12,0.665323
93,930,4.17989e+12,0.0775013,4.38955e+12,0.647382
94,940,4.17989e+12,0.0317926,4.38955e+12,0.649982
95,950,4.17989e+12,0.0598042,4.38955e+12,0.651486
96,960,3.82359e+12,0.0615099,4.30655e+12,0.61996
97,970,3.82359e+12,0.119804,4.30655e+12,0.690226
98,980,3.82359e+12,0.079914,4.30655e+12,0.674534
99,990,3.82359e+12,0.121031,4.30655e+12,0.585185
100,1000,3.82359e+12,0.0699587,4.30655e+12,0.709266
101,1010,3.82359e+12,0.147792,4.30655e+12,0.631576
102,1020,3.82359e+12,0.073672,4.30655e+12,0.754918
103,1030,3.82359e+12,0.0481961,4.30655e+12,0.548441
104,1040,3.82359e+12,0.0718987,4.30655e+12,0.584927
105,1050,3.82359e+12,0.0707596,4.30655e+12,0.64242
106,1060,3.82359e+12,0.0914803,4.30655e+12,0.583141
107,1070,3.82359e+12,0.0758596,4.30655e+12,0.57554
108,1080,3.82359e+12,0.11589,4.30655e+12,0.661355
109,1090,3.82359e+12,0.080333,4.30655e+12,0.673456
110,1100,3.82359e+12,0.133005,4.30655e+12,0.711399
111,1110,3.82359e+12,0.0932989,4.30655e+12,0.529443
112,1120,3.82359e+12,0.0939029,4.27279e+12,0.558189
113,1130,3.82359e+12,0.114819,4.27279e+12,0.558229
114,1140,3.82359e+12,0.0701303,4.27279e+12,0.63
115,1150,3.82359e+12,0.120779,4.27279e+12,0.618384
116,1160,3.82359e+12,0.0473589,4.27279e+12,0.618814
117,1170,3.82359e+12,0.132203,4.27279e+12,0.610898
118,1180,3.82359e+12,0.0900599,4.27279e+12,0.627312
119,1190,3.82359e+12,0.104538,4.27279e+12,0.602639
120,1200,3.82359e+12,0.0524905,4.27279e+12,0.58652
121,1210,3.82359e+12,0.0683893,4.27279e+12,0.66169
122,1220,3.82359e+12,0.0958456,4.27279e+12,0.604737
123,1230,3.82359e+12,0.0853043,4.27279e+12,0.644761
124,1240,3.82359e+12,0.0713409,4.27279e+12,0.610299
125,1250,3.82359e+12,0.121321,4.27279e+12,0.567542
126,1260,3.82359e+12,0.0427882,4.27279e+12,0.630644
127,1270,3.82359e+12,0.0687188,4.2644e+12,0.643956
128,1280,3.82359e+12,0.0517945,4.2644e+12,0.587663
129,1290,3.82359e+12,0.0671231,4.2644e+12,0.587843
130,1300,3.82359e+12,0.0499394,4.2644e+12,0.641144
131,1310,3.82359e+12,0.0883997,4.2644e+12,0.614732
132,1320,3.82359e+12,0.0676744,4.2644e+12,0.578868
133,1330,3.82359e+12,0.0670789,4.2644e+12,0.530745
134,1340,3.82359e+12,0.0973943,4.2644e+12,0.636971
135,1350,3.82359e+12,0.0685358,4.2644e+12,0.67756
136,1360,3.82359e+12,0.102349,4.2644e+12,0.666874
137,1370,3.82359e+12,0.0715863,4.2644e+12,0.588748
138,1380,3.82359e+12,0.077287,4.2644e+12,0.578252
139,1390,3.82359e+12,0.0478422,4.2644e+12,0.665769
140,1400,3.82359e+12,0.0812212,4.2644e+12,0.668661
141,1410,3.82359e+12,0.0423766,4.2644e+12,0.630985
142,1420,3.82359e+12,0.0962501,4.2644e+12,0.570191
143,1430,3.82359e+12,0.048087,4.2644e+12,0.68245
144,1440,3.82359e+12,0.0863845,4.26166e+12,0.644664
145,1450,3.82359e+12,0.0472341,4.26166e+12,0.634047
146,1460,3.82359e+12,0.073398,4.26166e+12,0.624356
147,1470,3.82359e+12,0.0460188,4.26166e+12,0.644754
148,1480,3.82359e+12,0.0529592,4.26166e+12,0.61249
149,1490,3.82359e+12,0.0605528,4.26166e+12,0.605189
150,1500,3.82359e+12,0.0431076,4.26166e+12,0.629497
151,1510,3.82359e+12,0.0397951,4.26166e+12,0.591636
152,1520,3.82359e+12,0.0784576,4.26166e+12,0.649662
153,1530,3.82359e+12,0.0493405,4.26166e+12,0.580491
154,1540,3.82359e+12,0.0689849,4.26166e+12,0.634419
155,1550,3.82359e+12,0.0546865,4.26166e+12,0.604258
156,1560,3.82359e+12,0.0794994,4.26166e+12,0.547086
157,1570,3.82359e+12,0.0761307,4.26009e+12,0.638279
158,1580,3.82359e+12,0.107828,4.26009e+12,0.654918
159,1590,3.82359e+12,0.0612348,4.26009e+12,0.629718
160,1600,3.82359e+12,0.0796426,4.26009e+12,0.616933
161,1610,3.82359e+12,0.0904773,4.26009e+12,0.606491
162,1620,3.82359e+12,0.0765014,4.26009e+12,0.589114
163,1630,3.82359e+12,0.0729832,4.26009e+12,0.599976
164,1640,3.82359e+12,0.0415778,4.26009e+12,0.621444
165,1650,3.82359e+12,0.115388,4.26009e+12,0.621906
166,1660,3.82359e+12,0.102412,4.26009e+12,0.634258
167,1670,3.82359e+12,0.0784239,4.26009e+12,0.663065
168,1680,3.82359e+12,0.100483,4.26009e+12,0.653532
169,1690,3.82359e+12,0.0653183,4.26009e+12,0.642152
170,1700,3.82359e+12,0.081829,4.26009e+12,0.638054
171,1710,3.82359e+12,0.109414,4.26009e+12,0.575763
172,1720,3.82359e+12,0.0766529,4.26009e+12,0.673177
173,1730,3.82359e+12,0.0656521,4.26009e+12,0.680116
174,1740,3.82359e+12,0.0714562,4.26009e+12,0.68285
175,1750,3.82359e+12,0.0349816,4.26009e+12,0.616527
176,1760,3.82359e+12,0.0600047,4.26009e+12,0.559094
177,1770,3.82359e+12,0.039523,4.26009e+12,0.585083
178,1780,3.82359e+12,0.0488764,4.26009e+12,0.656347
179,1790,3.82359e+12,0.0663965,4.26009e+12,0.647597
180,1800,3.82359e+12,0.0752706,4.26009e+12,0.668843
181,1810,3.82359e+12,0.0711412,4.26009e+12,0.63601
182,1820,3.82359e+12,0.0790906,4.26009e+12,0.577411
183,1830,3.82359e+12,0.0561884,4.26009e+12,0.586978
184,1840,3.82359e+12,0.0927571,4.26009e+12,0.607995
185,1850,3.82359e+12,0.0597563,4.26009e+12,0.699359
186,1860,3.82359e+12,0.0542494,4.26009e+12,0.558305
187,1870,3.82359e+12,0.0829533,4.26009e+12,0.584041
188,1880,3.82359e+12,0.114956,4.26009e+12,0.655543
189,1890,3.82359e+12,0.0877661,4.26009e+12,0.675364
190,1900,3.82359e+12,0.107359,4.26009e+12,0.636679
191,1910,3.82359e+12,0.108765,4.26009e+12,0.634988
192,1920,3.82359e+12,0.0890277,4.26009e+12,0.676483
193,1930,3.82359e+12,0.0857379,4.26009e+12,0.737747
194,1940,3.82359e+12,0.097797,4.26009e+12,0.678541
195,1950,3.82359e+12,0.0783658,4.26009e+12,0.66587
196,1960,3.82359e+12,0.0929442,4.26009e+12,0.631038
197,1970,3.82359e+12,0.100025,4.26009e+12,0.649324
198,1980,3.82359e+12,0.0625785,4.26009e+12,0.736514
199,1990,3.82359e+12,0.0698396,4.26009e+12,0.646861
200,2000,3.82359e+12,0.0592258,4.26009e+12,0.591977
