Gen,Fevals,gbest,Mean Vel.,Mean lbest,Avg. Dist.
1,10,1.31919e+13,0.326747,1.45883e+13,1.33818
2,20,1.30552e+13,0.146532,1.39877e+13,1.28755
3,30,1.27044e+13,0.249015,1.37452e+13,1.18084
4,40,1.24143e+13,0.184609,1.34319e+13,0.987101
5,50,1.24143e+13,0.107483,1.30647e+13,0.958751
6,60,1.20546e+13,0.181999,1.29947e+13,1.08164
7,70,1.20546e+13,0.109508,1.29507e+13,1.05415
8,80,1.20546e+13,0.152148,1.2921e+13,0.999846
9,90,1.20546e+13,0.111701,1.27893e+13,1.05365
10,100,1.20546e+13,0.0786958,1.2774e+13,1.05243
11,110,1.20546e+13,0.122774,1.27163e+13,0.798864
12,120,1.20546e+13,0.0892754,1.25723e+13,0.849994
13,130,1.20546e+13,0.0740301,1.24575e+13,0.89738
14,140,1.20546e+13,0.102698,1.24575e+13,0.999111
15,150,1.20546e+13,0.0441101,1.24575e+13,0.907408
16,160,1.20546e+13,0.0941167,1.24575e+13,0.757919
17,170,1.20546e+13,0.0449938,1.24058e+13,0.830314
18,180,1.20546e+13,0.08472,1.23987e+13,0.814035
19,190,1.11914e+13,0.0543899,1.22914e+13,0.798327
20,200,1.11914e+13,0.0888017,1.2266e+13,0.788153
21,210,1.11914e+13,0.0387684,1.2266e+13,0.811133
22,220,1.11914e+13,0.0658189,1.2266e+13,0.756762
23,230,1.11914e+13,0.0394993,1.2266e+13,0.794359
24,240,1.11914e+13,0.0519707,1.22423e+13,0.763021
25,250,1.11914e+13,0.0548889,1.22423e+13,0.785991
26,260,1.11914e+13,0.0618441,1.2188e+13,0.811743
27,270,1.11914e+13,0.0393605,1.2188e+13,0.632871
28,280,1.10631e+13,0.0587196,1.20434e+13,0.651123
29,290,1.10631e+13,0.0818263,1.20434e+13,0.69101
30,300,1.10631e+13,0.0696666,1.20434e+13,0.767815
31,310,1.10631e+13,0.0607416,1.20434e+13,0.695455
32,320,1.10631e+13,0.0803945,1.20056e+13,0.606944
33,330,1.10631e+13,0.073537,1.20056e+13,0.737566
34,340,1.10631e+13,0.0767201,1.20056e+13,0.609673
35,350,1.10631e+13,0.0734405,1.19472e+13,0.681999
36,360,1.10631e+13,0.0723255,1.19256e+13,0.610062
37,370,1.10631e+13,0.0760639,1.19256e+13,0.694308
38,380,1.10631e+13,0.0675073,1.19256e+13,0.661792
39,390,1.10631e+13,0.0799985,1.19256e+13,0.501071
40,400,1.10631e+13,0.0766763,1.18921e+13,0.588345
41,410,1.10631e+13,0.0661158,1.18921e+13,0.551725
42,420,1.10631e+13,0.0395453,1.18921e+13,0.611656
43,430,1.10631e+13,0.0838775,1.18921e+13,0.57916
44,440,1.10631e+13,0.0465406,1.18921e+13,0.556289
45,450,1.10631e+13,0.0746993,1.18921e+13,0.536224
46,460,1.10631e+13,0.0551367,1.18921e+13,0.570978
47,470,1.10631e+13,0.059032,1.18921e+13,0.656333
48,480,1.10631e+13,0.0493154,1.18921e+13,0.560803
49,490,1.10631e+13,0.0428603,1.18921e+13,0.51083
50,500,1.10631e+13,0.0628752,1.18921e+13,0.591878
51,510,1.10631e+13,0.0562194,1.18796e+13,0.559295
52,520,1.10631e+13,0.0410756,1.18796e+13,0.604083
53,530,1.10631e+13,0.0594036,1.18785e+13,0.540125
54,540,1.10631e+13,0.0512741,1.18785e+13,0.576833
55,550,1.10631e+13,0.0461553,1.18785e+13,0.542207
56,560,1.10631e+13,0.0402004,1.18785e+13,0.560491
57,570,1.10631e+13,0.0763013,1.18785e+13,0.471996
58,580,1.10631e+13,0.069764,1.18785e+13,0.534013
59,590,1.10631e+13,0.0602789,1.18785e+13,0.585617
60,600,1.10631e+13,0.0351806,1.18785e+13,0.573618
61,610,1.10631e+13,0.0442235,1.18785e+13,0.560602
62,620,1.10631e+13,0.0778791,1.18785e+13,0.553673
63,630,1.10631e+13,0.0507211,1.18785e+13,0.467704
64,640,1.10631e+13,0.0619194,1.1865e+13,0.603687
65,650,1.10631e+13,0.0303151,1.18094e+13,0.605176
66,660,1.10631e+13,0.0860394,1.18094e+13,0.563794
67,670,1.10631e+13,0.034368,1.18045e+13,0.59251
68,680,1.10631e+13,0.0783176,1.18045e+13,0.510528
69,690,1.10631e+13,0.0558381,1.18045e+13,0.562303
70,700,1.10631e+13,0.0782034,1.18045e+13,0.446433
71,710,1.10631e+13,0.0437414,1.1803e+13,0.529252
72,720,1.10631e+13,0.0578744,1.1803e+13,0.489311
73,730,1.10631e+13,0.0508345,1.1803e+13,0.47443
74,740,1.10631e+13,0.0288831,1.1803e+13,0.534321
75,750,1.10631e+13,0.0632191,1.1803e+13,0.543376
76,760,1.10631e+13,0.062766,1.1803e+13,0.506115
77,770,1.10631e+13,0.0196185,1.1803e+13,0.543115
78,780,1.10631e+13,0.0291232,1.1803e+13,0.557928
79,790,1.10631e+13,0.0479852,1.1803e+13,0.52987
80,800,1.10631e+13,0.0584565,1.1803e+13,0.511367
81,810,1.10631e+13,0.0433569,1.1803e+13,0.456213
82,820,1.10631e+13,0.06791,1.1803e+13,0.531667
83,830,1.10631e+13,0.0228922,1.1803e+13,0.634426
84,840,1.10631e+13,0.0675244,1.1803e+13,0.547574
85,850,1.10631e+13,0.0428741,1.1803e+13,0.495196
86,860,1.10631e+13,0.0330164,1.1803e+13,0.474691
87,870,1.10631e+13,0.0659367,1.1803e+13,0.577201
88,880,1.10631e+13,0.0323519,1.1803e+13,0.5239
89,890,1.10631e+13,0.0538169,1.1803e+13,0.454729
90,900,1.10631e+13,0.0383956,1.1803e+13,0.543609
91,910,1.10631e+13,0.0374913,1.1803e+13,0.505453
92,920,1.10631e+13,0.0714006,1.1803e+13,0.543028
93,930,1.10631e+13,0.0266133,1.1803e+13,0.52729
94,940,1.10631e+13,0.0633197,1.1803e+13,0.549682
95,950,1.10631e+13,0.023073,1.1803e+13,0.533567
96,960,1.10631e+13,0.0625185,1.1803e+13,0.506257
97,970,1.10631e+13,0.056433,1.1803e+13,0.541211
98,980,1.10631e+13,0.0631667,1.1803e+13,0.537163
99,990,1.10631e+13,0.0373832,1.17937e+13,0.606828
100,1000,1.10631e+13,0.0334062,1.17937e+13,0.545385
101,1010,1.10631e+13,0.0572708,1.17937e+13,0.620379
102,1020,1.10631e+13,0.0347143,1.17937e+13,0.524385
103,1030,1.10631e+13,0.0423326,1.17937e+13,0.637881
104,1040,1.10631e+13,0.0699117,1.17937e+13,0.565719
105,1050,1.10631e+13,0.0416111,1.17937e+13,0.62749
106,1060,1.10631e+13,0.0621721,1.17937e+13,0.538685
107,1070,1.10631e+13,0.0145431,1.17937e+13,0.611557
108,1080,1.10631e+13,0.0770224,1.17937e+13,0.441238
109,1090,1.10631e+13,0.0468831,1.17937e+13,0.583388
110,1100,1.10631e+13,0.0619533,1.17937e+13,0.592121
111,1110,1.10631e+13,0.0406944,1.17937e+13,0.65986
112,1120,1.10631e+13,0.0257127,1.17776e+13,0.611506
113,1130,1.10631e+13,0.0423917,1.17776e+13,0.54121
114,1140,1.10631e+13,0.03996,1.17776e+13,0.559375
115,1150,1.10631e+13,0.0397175,1.17776e+13,0.504266
116,1160,1.10631e+13,0.0262882,1.17776e+13,0.573627
117,1170,1.10631e+13,0.0696769,1.17776e+13,0.647839
118,1180,1.10631e+13,0.0205188,1.17776e+13,0.585114
119,1190,1.10631e+13,0.0625464,1.17776e+13,0.497891
120,1200,1.10631e+13,0.01623,1.17776e+13,0.592813
121,1210,1.10631e+13,0.0582899,1.17776e+13,0.534316
122,1220,1.10631e+13,0.0492645,1.17776e+13,0.581201
123,1230,1.10631e+13,0.0354569,1.17776e+13,0.570486
124,1240,1.10631e+13,0.056391,1.17776e+13,0.59573
125,1250,1.10631e+13,0.0393743,1.17776e+13,0.436951
126,1260,1.10631e+13,0.0335673,1.17776e+13,0.601169
127,1270,1.10631e+13,0.0378434,1.17776e+13,0.508107
128,1280,1.10631e+13,0.0219523,1.173e+13,0.527269
129,1290,1.10631e+13,0.0367481,1.173e+13,0.472595
130,1300,1.10631e+13,0.029067,1.173e+13,0.475472
131,1310,1.10631e+13,0.0262578,1.17205e+13,0.488605
132,1320,1.10631e+13,0.0285373,1.17166e+13,0.482936
133,1330,1.10631e+13,0.0166098,1.17166e+13,0.564401
134,1340,1.10631e+13,0.0341414,1.17166e+13,0.498944
135,1350,1.10631e+13,0.0254622,1.16953e+13,0.516813
136,1360,1.10631e+13,0.0336009,1.16953e+13,0.48097
137,1370,1.10631e+13,0.0143975,1.16953e+13,0.460365
138,1380,1.10631e+13,0.0395542,1.16737e+13,0.486977
139,1390,1.10631e+13,0.0357571,1.16737e+13,0.436194
140,1400,1.10631e+13,0.0201844,1.16737e+13,0.452051
141,1410,1.10631e+13,0.0067972,1.16737e+13,0.519278
142,1420,1.10631e+13,0.0311542,1.16737e+13,0.52374
143,1430,1.10631e+13,0.0226404,1.16737e+13,0.468702
144,1440,1.10631e+13,0.0224934,1.16737e+13,0.513594
145,1450,1.10631e+13,0.0370916,1.16737e+13,0.447306
146,1460,1.10631e+13,0.016498,1.16737e+13,0.56043
147,1470,1.10631e+13,0.0289309,1.16737e+13,0.38077
148,1480,1.10631e+13,0.0196055,1.16737e+13,0.435963
149,1490,1.10631e+13,0.0368029,1.16737e+13,0.453308
150,1500,1.10631e+13,0.0317793,1.16737e+13,0.447925
151,1510,1.10631e+13,0.0280624,1.16737e+13,0.499649
152,1520,1.10631e+13,0.023241,1.16737e+13,0.488503
153,1530,1.10631e+13,0.0361842,1.16737e+13,0.448479
154,1540,1.10631e+13,0.0481124,1.16737e+13,0.427937
155,1550,1.10631e+13,0.0202326,1.16737e+13,0.529154
156,1560,1.10631e+13,0.0538601,1.16737e+13,0.514992
157,1570,1.10631e+13,0.0321546,1.16737e+13,0.499212
158,1580,1.10631e+13,0.029718,1.16737e+13,0.483249
159,1590,1.10631e+13,0.0376988,1.16737e+13,0.491647
160,1600,1.10631e+13,0.0160743,1.16737e+13,0.529953
161,1610,1.10631e+13,0.0584191,1.16737e+13,0.509272
162,1620,1.10631e+13,0.0212222,1.16583e+13,0.459626
163,1630,1.10631e+13,0.0360184,1.16583e+13,0.466155
164,1640,1.10631e+13,0.0196186,1.16583e+13,0.456176
165,1650,1.10631e+13,0.0228538,1.16583e+13,0.420884
166,1660,1.10631e+13,0.0221611,1.16583e+13,0.453381
167,1670,1.10631e+13,0.0285511,1.16583e+13,0.463037
168,1680,1.10631e+13,0.019417,1.16583e+13,0.447764
169,1690,1.10631e+13,0.0102784,1.16583e+13,0.440591
170,1700,1.10631e+13,0.025776,1.16583e+13,0.461987
171,1710,1.10631e+13,0.0252019,1.16583e+13,0.442392
172,1720,1.10631e+13,0.0415001,1.16583e+13,0.478553
173,1730,1.10631e+13,0.0323525,1.16583e+13,0.487579
174,1740,1.10631e+13,0.0311007,1.16583e+13,0.448528
175,1750,1.10631e+13,0.0361382,1.16583e+13,0.380285
176,1760,1.10631e+13,0.0481232,1.16583e+13,0.422454
177,1770,1.10631e+13,0.0476395,1.16583e+13,0.476562
178,1780,1.10631e+13,0.0243804,1.16583e+13,0.463718
179,1790,1.10631e+13,0.0453539,1.1649e+13,0.449206
180,1800,1.10631e+13,0.047379,1.1649e+13,0.454735
181,1810,1.10631e+13,0.0592983,1.1649e+13,0.411967
182,1820,1.10631e+13,0.0536258,1.1649e+13,0.481263
183,1830,1.10631e+13,0.0585145,1.1649e+13,0.437572
184,1840,1.10631e+13,0.0208393,1.1649e+13,0.484259
185,1850,1.10631e+13,0.0172521,1.1649e+13,0.44749
186,1860,1.10631e+13,0.0407356,1.1649e+13,0.457377
187,1870,1.10631e+13,0.0246894,1.1649e+13,0.481236
188,1880,1.10631e+13,0.0209361,1.1649e+13,0.444575
189,1890,1.10631e+13,0.0269755,1.1649e+13,0.484054
190,1900,1.10631e+13,0.0479917,1.1649e+13,0.462968
191,1910,1.10631e+13,0.0288462,1.16284e+13,0.552819
192,1920,1.10631e+13,0.0593122,1.16284e+13,0.501862
193,1930,1.10631e+13,0.0147447,1.16284e+13,0.54151
194,1940,1.10631e+13,0.0207443,1.16284e+13,0.393251
195,1950,1.10631e+13,0.0155051,1.16284e+13,0.416375
196,1960,1.10631e+13,0.0164422,1.16284e+13,0.396244
197,1970,1.10631e+13,0.0180938,1.16284e+13,0.485379
198,1980,1.10631e+13,0.0120307,1.16284e+13,0.480103
199,1990,1.10631e+13,0.0385101,1.16284e+13,0.43768
200,2000,1.10631e+13,0.0225792,1.16284e+13,0.449238
