Gen,Fevals,gbest,Mean Vel.,Mean lbest,Avg. Dist.
1,10,1.02263e+13,0.258937,1.24853e+13,0.789966
2,20,1.02263e+13,0.163332,1.22549e+13,0.85589
3,30,1.02263e+13,0.193711,1.20555e+13,0.659959
4,40,1.02263e+13,0.0834484,1.19273e+13,0.738025
5,50,1.02263e+13,0.117018,1.1766e+13,0.646169
6,60,1.02263e+13,0.099294,1.1766e+13,0.791326
7,70,1.02263e+13,0.0746033,1.1523e+13,0.692486
8,80,1.02263e+13,0.140369,1.13861e+13,0.747608
9,90,1.02263e+13,0.0662809,1.11807e+13,0.833452
10,100,1.02263e+13,0.144429,1.10156e+13,0.788327
11,110,1.02263e+13,0.0953658,1.10156e+13,0.706574
12,120,1.02263e+13,0.100382,1.09466e+13,0.644651
13,130,1.02263e+13,0.0758696,1.09387e+13,0.739417
14,140,1.02263e+13,0.0801994,1.09387e+13,0.731151
15,150,1.02263e+13,0.0492609,1.09387e+13,0.688174
16,160,1.02263e+13,0.102358,1.09387e+13,0.664034
17,170,1.02263e+13,0.0564129,1.09387e+13,0.725503
18,180,9.22691e+12,0.0553691,1.05224e+13,0.727004
19,190,9.22691e+12,0.0927144,1.05224e+13,0.633646
20,200,9.22691e+12,0.103403,1.03395e+13,0.714311
21,210,9.22691e+12,0.1402,1.03395e+13,0.60563
22,220,9.22691e+12,0.145994,1.03395e+13,0.567421
23,230,9.22691e+12,0.0751262,1.03027e+13,0.594438
24,240,9.22691e+12,0.158688,1.02982e+13,0.764824
25,250,9.22691e+12,0.0597925,1.02982e+13,0.669
26,260,9.22691e+12,0.176502,1.02982e+13,0.574671
27,270,9.22691e+12,0.114717,1.02982e+13,0.589143
28,280,9.22691e+12,0.143792,1.02982e+13,0.636259
29,290,9.22691e+12,0.0686808,1.02982e+13,0.767547
30,300,9.22691e+12,0.0875577,1.02982e+13,0.607753
31,310,9.22691e+12,0.0610907,1.02541e+13,0.594168
32,320,9.22691e+12,0.0999486,1.02541e+13,0.555929
33,330,9.22691e+12,0.0612735,1.02541e+13,0.720763
34,340,9.22691e+12,0.0989321,1.02541e+13,0.656358
35,350,9.22691e+12,0.0674357,1.02541e+13,0.514448
36,360,9.22691e+12,0.11127,1.02541e+13,0.546374
37,370,9.22691e+12,0.0723235,1.01943e+13,0.646254
38,380,9.22691e+12,0.119597,1.01221e+13,0.710533
39,390,9.22691e+12,0.176038,1.00997e+13,0.717873
40,400,9.22691e+12,0.104583,1.00997e+13,0.579277
41,410,9.22691e+12,0.0988083,1.00997e+13,0.537037
42,420,9.22691e+12,0.0858203,1.00997e+13,0.726039
43,430,9.22691e+12,0.0760788,1.00997e+13,0.705934
44,440,9.22691e+12,0.118114,1.00997e+13,0.653732
45,450,9.22691e+12,0.0901697,1.00997e+13,0.619727
46,460,9.22691e+12,0.0761978,1.00997e+13,0.679623
47,470,9.22691e+12,0.0530648,9.97119e+12,0.56664
48,480,9.22691e+12,0.0904874,9.97119e+12,0.565936
49,490,9.22691e+12,0.0757319,9.97119e+12,0.55776
50,500,9.22691e+12,0.052819,9.97119e+12,0.566864
51,510,9.22691e+12,0.079169,9.97119e+12,0.615553
52,520,9.22691e+12,0.0338083,9.94773e+12,0.604002
53,530,9.22691e+12,0.0672983,9.93777e+12,0.664686
54,540,9.22691e+12,0.0444619,9.93777e+12,0.575268
55,550,9.22691e+12,0.0486432,9.93777e+12,0.468974
56,560,9.22691e+12,0.052538,9.93777e+12,0.651385
57,570,9.22691e+12,0.0732828,9.93777e+12,0.692932
58,580,9.22691e+12,0.0459898,9.91793e+12,0.570417
59,590,9.22691e+12,0.140871,9.91793e+12,0.445784
60,600,9.22691e+12,0.0734609,9.91793e+12,0.42164
61,610,9.22691e+12,0.119126,9.89806e+12,0.413817
62,620,9.22691e+12,0.0871774,9.89806e+12,0.577744
63,630,9.22691e+12,0.101343,9.89806e+12,0.465615
64,640,9.22691e+12,0.0922371,9.89806e+12,0.406697
65,650,9.22691e+12,0.113819,9.85641e+12,0.479749
66,660,9.22691e+12,0.0261032,9.85641e+12,0.566909
67,670,9.22691e+12,0.0691895,9.85641e+12,0.495319
68,680,9.22691e+12,0.0819569,9.85641e+12,0.456939
69,690,9.22691e+12,0.0289019,9.85641e+12,0.623264
70,700,9.22691e+12,0.0489038,9.85641e+12,0.63029
71,710,9.22691e+12,0.0810259,9.85641e+12,0.439203
72,720,9.22691e+12,0.054529,9.85641e+12,0.434068
73,730,9.22691e+12,0.0777286,9.85641e+12,0.474452
74,740,9.22691e+12,0.0479131,9.85641e+12,0.57894
75,750,9.22691e+12,0.0919069,9.85641e+12,0.630796
76,760,9.22691e+12,0.0363651,9.80587e+12,0.492263
77,770,9.22691e+12,0.0752594,9.80587e+12,0.385518
78,780,8.95035e+12,0.0744679,9.67582e+12,0.501039
79,790,8.95035e+12,0.0563925,9.67582e+12,0.621142
80,800,8.95035e+12,0.0608553,9.67582e+12,0.617337
81,810,8.95035e+12,0.0487644,9.59749e+12,0.404522
82,820,8.95035e+12,0.0827224,9.59749e+12,0.477708
83,830,8.95035e+12,0.0537145,9.59749e+12,0.548155
84,840,8.95035e+12,0.0465892,9.59749e+12,0.522241
85,850,8.95035e+12,0.0489039,9.59749e+12,0.5236
86,860,8.95035e+12,0.0307972,9.59749e+12,0.487885
87,870,8.95035e+12,0.0691639,9.59749e+12,0.564192
88,880,8.95035e+12,0.0509116,9.59749e+12,0.60059
89,890,8.95035e+12,0.0407048,9.59749e+12,0.625762
90,900,8.95035e+12,0.0694033,9.59749e+12,0.466533
91,910,8.95035e+12,0.0656018,9.59749e+12,0.556613
92,920,8.95035e+12,0.0449558,9.59749e+12,0.564874
93,930,8.95035e+12,0.0648221,9.59749e+12,0.484248
94,940,8.95035e+12,0.0512969,9.59749e+12,0.519013
95,950,8.95035e+12,0.0491808,9.58086e+12,0.477953
96,960,8.95035e+12,0.0467775,9.58086e+12,0.515186
97,970,8.95035e+12,0.0975563,9.58086e+12,0.423273
98,980,8.95035e+12,0.0783514,9.58086e+12,0.471961
99,990,8.95035e+12,0.0448478,9.58086e+12,0.558567
100,1000,8.95035e+12,0.0714861,9.58086e+12,0.534532
101,1010,8.95035e+12,0.03553,9.58086e+12,0.411002
102,1020,8.95035e+12,0.0657191,9.53341e+12,0.430102
103,1030,8.14839e+12,0.0713324,9.33773e+12,0.545431
104,1040,8.14839e+12,0.172747,9.33773e+12,0.598453
105,1050,8.14839e+12,0.130442,9.33773e+12,0.527767
106,1060,8.14839e+12,0.0417178,9.33773e+12,0.535568
107,1070,8.14839e+12,0.114684,9.33773e+12,0.559918
108,1080,8.14839e+12,0.0954362,9.33773e+12,0.515278
109,1090,8.14839e+12,0.0960859,9.33773e+12,0.417977
110,1100,8.14839e+12,0.0540838,9.33773e+12,0.459719
111,1110,8.14839e+12,0.0646117,9.33773e+12,0.557909
112,1120,8.14839e+12,0.120596,9.33773e+12,0.524093
113,1130,8.14839e+12,0.132087,9.33773e+12,0.511406
114,1140,8.14839e+12,0.074319,9.33773e+12,0.508449
115,1150,8.14839e+12,0.198464,9.33773e+12,0.572326
116,1160,8.14839e+12,0.0981001,9.23871e+12,0.547201
117,1170,8.14839e+12,0.094698,9.23871e+12,0.433154
118,1180,8.14839e+12,0.126467,9.23871e+12,0.453099
119,1190,8.14839e+12,0.18505,9.23871e+12,0.428707
120,1200,8.14839e+12,0.0887671,9.23871e+12,0.432905
121,1210,8.14839e+12,0.0848865,9.23871e+12,0.474758
122,1220,8.14839e+12,0.153044,9.23871e+12,0.458722
123,1230,8.14839e+12,0.104144,9.23871e+12,0.47168
124,1240,8.14839e+12,0.152515,9.23871e+12,0.388714
125,1250,8.14839e+12,0.102643,9.23871e+12,0.389133
126,1260,8.14839e+12,0.0451678,9.23871e+12,0.426552
127,1270,8.14839e+12,0.107022,9.23871e+12,0.447868
128,1280,8.14839e+12,0.0905348,9.23871e+12,0.487342
129,1290,8.14839e+12,0.103571,9.23871e+12,0.461614
130,1300,8.14839e+12,0.0943807,9.23871e+12,0.463798
131,1310,8.14839e+12,0.0648474,9.23871e+12,0.389729
132,1320,8.14839e+12,0.0722918,9.23871e+12,0.560172
133,1330,8.14839e+12,0.0987446,9.23871e+12,0.454848
134,1340,8.14839e+12,0.112653,9.23871e+12,0.479959
135,1350,8.14839e+12,0.0830287,9.23871e+12,0.466901
136,1360,8.14839e+12,0.117709,9.23871e+12,0.486615
137,1370,8.14839e+12,0.0616806,9.23871e+12,0.49795
138,1380,8.14839e+12,0.132438,9.23871e+12,0.427201
139,1390,8.14839e+12,0.189713,9.23871e+12,0.467022
140,1400,8.14839e+12,0.06763,9.23871e+12,0.477701
141,1410,8.14839e+12,0.093686,9.23871e+12,0.437506
142,1420,8.14839e+12,0.0728159,9.23871e+12,0.433745
143,1430,8.14839e+12,0.0741825,9.23871e+12,0.489192
144,1440,8.14839e+12,0.0637283,9.23871e+12,0.518775
145,1450,8.14839e+12,0.205298,9.23871e+12,0.368325
146,1460,8.14839e+12,0.0876263,9.23871e+12,0.384113
147,1470,8.14839e+12,0.086664,9.23871e+12,0.476479
148,1480,8.14839e+12,0.0878116,9.23871e+12,0.510255
149,1490,8.14839e+12,0.152561,9.23871e+12,0.464609
150,1500,8.14839e+12,0.100338,9.23871e+12,0.416948
151,1510,8.14839e+12,0.148733,9.23871e+12,0.467691
152,1520,8.14839e+12,0.114711,9.23871e+12,0.435956
153,1530,8.14839e+12,0.0725814,9.23871e+12,0.481392
154,1540,8.14839e+12,0.050314,9.23871e+12,0.449494
155,1550,8.14839e+12,0.109503,9.23871e+12,0.46848
156,1560,7.27461e+12,0.086645,8.98087e+12,0.472294
157,1570,7.27461e+12,0.121803,8.98087e+12,0.519848
158,1580,7.27461e+12,0.133559,8.98087e+12,0.419471
159,1590,7.27461e+12,0.114009,8.98087e+12,0.484163
160,1600,7.27461e+12,0.0886226,8.98087e+12,0.508819
161,1610,7.27461e+12,0.216561,8.98087e+12,0.50086
162,1620,7.27461e+12,0.118352,8.98087e+12,0.424153
163,1630,7.27461e+12,0.129144,8.98087e+12,0.386771
164,1640,7.27461e+12,0.181535,8.98087e+12,0.481518
165,1650,7.27461e+12,0.0667896,8.98087e+12,0.447409
166,1660,7.27461e+12,0.128637,8.98087e+12,0.424699
167,1670,7.27461e+12,0.122493,8.98087e+12,0.370275
168,1680,7.27461e+12,0.0683848,8.98087e+12,0.427805
169,1690,7.27461e+12,0.134291,8.98087e+12,0.454371
170,1700,7.27461e+12,0.114944,8.98087e+12,0.406111
171,1710,7.27461e+12,0.060544,8.98087e+12,0.351025
172,1720,7.27461e+12,0.0986084,8.98087e+12,0.419741
173,1730,7.27461e+12,0.122531,8.98087e+12,0.433133
174,1740,7.27461e+12,0.1195,8.98087e+12,0.373413
175,1750,7.27461e+12,0.0706528,8.94767e+12,0.396861
176,1760,7.27461e+12,0.0928102,8.94767e+12,0.380403
177,1770,7.27461e+12,0.0549532,8.94767e+12,0.384708
178,1780,7.27461e+12,0.0961742,8.94767e+12,0.489656
179,1790,7.27461e+12,0.073172,8.94767e+12,0.360119
180,1800,7.27461e+12,0.10205,8.94767e+12,0.415398
181,1810,7.27461e+12,0.0344437,8.94767e+12,0.356815
182,1820,7.27461e+12,0.137092,8.94767e+12,0.452609
183,1830,7.27461e+12,0.0720428,8.94767e+12,0.389531
184,1840,7.27461e+12,0.0720587,8.94767e+12,0.348314
185,1850,7.27461e+12,0.0520026,8.94767e+12,0.393281
186,1860,7.27461e+12,0.0733886,8.94767e+12,0.450318
187,1870,7.27461e+12,0.05183,8.94767e+12,0.458075
188,1880,7.27461e+12,0.0760897,8.94767e+12,0.418185
189,1890,7.27461e+12,0.0524454,8.94767e+12,0.380147
190,1900,7.27461e+12,0.0716469,8.94767e+12,0.356284
191,1910,7.27461e+12,0.0990247,8.94767e+12,0.352139
192,1920,7.27461e+12,0.0507432,8.94767e+12,0.395742
193,1930,7.27461e+12,0.0703349,8.94767e+12,0.453136
194,1940,7.27461e+12,0.100178,8.94767e+12,0.40597
195,1950,7.27461e+12,0.0328099,8.94767e+12,0.374224
196,1960,7.27461e+12,0.0653239,8.94767e+12,0.398871
197,1970,7.27461e+12,0.109139,8.94767e+12,0.507462
198,1980,7.27461e+12,0.0262921,8.94767e+12,0.414138
199,1990,7.27461e+12,0.150489,8.94767e+12,0.357556
200,2000,7.27461e+12,0.0663752,8.94767e+12,0.333137
