Gen,Fevals,gbest,Mean Vel.,Mean lbest,Avg. Dist.
1,10,1.1519e+13,0.240282,2.0296e+13,0.887749
2,20,6.97467e+12,0.243505,1.53025e+13,0.81376
3,30,6.97467e+12,0.122082,1.29039e+13,0.810761
4,40,6.97467e+12,0.254459,1.23072e+13,0.778027
5,50,6.97467e+12,0.1504,1.19349e+13,0.849025
6,60,6.97467e+12,0.15417,1.14361e+13,0.7878
7,70,6.97467e+12,0.105551,1.08369e+13,0.703648
8,80,6.97467e+12,0.160716,1.06069e+13,0.703132
9,90,6.97467e+12,0.0706466,1.04309e+13,0.698835
10,100,6.97467e+12,0.122467,1.04309e+13,0.682878
11,110,6.97467e+12,0.159814,1.02471e+13,0.714779
12,120,6.97467e+12,0.133579,1.00769e+13,0.776486
13,130,6.97467e+12,0.119949,1.0037e+13,0.737653
14,140,6.97467e+12,0.166509,9.94463e+12,0.653271
15,150,6.97467e+12,0.133972,9.71436e+12,0.672562
16,160,6.97467e+12,0.0948149,9.71353e+12,0.531349
17,170,6.97467e+12,0.115147,9.63524e+12,0.554786
18,180,6.97467e+12,0.105087,9.63524e+12,0.629112
19,190,6.97467e+12,0.0620072,9.63091e+12,0.571078
20,200,6.97467e+12,0.0831517,9.63091e+12,0.618148
21,210,6.97467e+12,0.104247,9.50374e+12,0.52698
22,220,6.97467e+12,0.105824,9.50374e+12,0.571134
23,230,6.97467e+12,0.069951,9.21334e+12,0.652698
24,240,6.97467e+12,0.0474174,9.21334e+12,0.587353
25,250,6.97467e+12,0.0424568,9.21334e+12,0.50678
26,260,6.97467e+12,0.0850871,9.20489e+12,0.581862
27,270,6.97467e+12,0.0289544,9.20489e+12,0.637736
28,280,6.97467e+12,0.0700409,9.20489e+12,0.623809
29,290,6.97467e+12,0.0546602,9.20489e+12,0.567606
30,300,6.97467e+12,0.0563238,9.19234e+12,0.582354
31,310,6.97467e+12,0.070713,9.19234e+12,0.606991
32,320,6.97467e+12,0.061802,9.19198e+12,0.590941
33,330,6.97467e+12,0.094525,9.19198e+12,0.554476
34,340,6.97467e+12,0.0189989,9.05983e+12,0.592561
35,350,6.97467e+12,0.0930144,9.05983e+12,0.559603
36,360,6.97467e+12,0.0689575,8.87514e+12,0.530973
37,370,6.97467e+12,0.0964607,8.87514e+12,0.543497
38,380,6.97467e+12,0.101301,8.87514e+12,0.607753
39,390,6.97467e+12,0.0712324,8.87514e+12,0.595624
40,400,6.97467e+12,0.0973025,8.85967e+12,0.525478
41,410,6.97467e+12,0.116556,8.80296e+12,0.548559
42,420,6.97467e+12,0.0560087,8.50019e+12,0.568481
43,430,6.97467e+12,0.0452005,8.50019e+12,0.632282
44,440,6.97467e+12,0.0572712,8.50019e+12,0.551098
45,450,6.97467e+12,0.0513021,8.43097e+12,0.530411
46,460,6.97467e+12,0.0511753,8.11696e+12,0.416512
47,470,6.97467e+12,0.0915859,8.11696e+12,0.487737
48,480,6.97467e+12,0.0713341,8.07604e+12,0.549522
49,490,6.97467e+12,0.0334053,8.07604e+12,0.588399
50,500,6.97467e+12,0.0249681,7.93954e+12,0.467424
51,510,6.97467e+12,0.0261731,7.93954e+12,0.452519
52,520,6.97467e+12,0.0179327,7.93954e+12,0.524563
53,530,6.97467e+12,0.0182392,7.93954e+12,0.535208
54,540,6.97467e+12,0.0285434,7.93954e+12,0.438713
55,550,6.97467e+12,0.0128143,7.93954e+12,0.491722
56,560,6.97467e+12,0.0190247,7.93954e+12,0.484906
57,570,6.97467e+12,0.0160015,7.93954e+12,0.579501
58,580,6.97467e+12,0.0158082,7.93954e+12,0.485681
59,590,6.97467e+12,0.011488,7.93954e+12,0.485327
60,600,6.97467e+12,0.0142585,7.93954e+12,0.481602
61,610,6.97467e+12,0.0152906,7.93954e+12,0.51561
62,620,6.97467e+12,0.0131851,7.93954e+12,0.526423
63,630,6.61246e+12,0.0080233,7.61543e+12,0.486722
64,640,6.61246e+12,0.108335,7.61543e+12,0.586111
65,650,6.61246e+12,0.0684659,7.61543e+12,0.53559
66,660,6.61246e+12,0.0732747,7.61543e+12,0.573405
67,670,6.61246e+12,0.0160643,7.61543e+12,0.531073
68,680,6.61246e+12,0.159675,7.61543e+12,0.558011
69,690,6.61246e+12,0.0926444,7.61543e+12,0.576311
70,700,6.61246e+12,0.0664951,7.61543e+12,0.653468
71,710,6.61246e+12,0.161204,7.61543e+12,0.545428
72,720,6.61246e+12,0.0856258,7.61543e+12,0.541935
73,730,6.61246e+12,0.130796,7.61543e+12,0.485831
74,740,6.12378e+12,0.121338,7.50243e+12,0.562407
75,750,6.12378e+12,0.110668,7.44414e+12,0.614903
76,760,6.12378e+12,0.105735,7.44414e+12,0.578654
77,770,6.12378e+12,0.077908,7.44414e+12,0.454703
78,780,6.12378e+12,0.105749,7.44414e+12,0.509082
79,790,6.12378e+12,0.0888638,7.44414e+12,0.557563
80,800,6.12378e+12,0.10598,7.44414e+12,0.479082
81,810,6.12378e+12,0.0886567,7.44414e+12,0.432284
82,820,6.12378e+12,0.117357,7.44414e+12,0.51549
83,830,6.12378e+12,0.0717304,7.44414e+12,0.658749
84,840,6.12378e+12,0.137081,7.40607e+12,0.515848
85,850,6.12378e+12,0.0742267,7.40607e+12,0.48185
86,860,6.12378e+12,0.110224,7.40607e+12,0.54092
87,870,6.12378e+12,0.0510594,7.40607e+12,0.549393
88,880,6.12378e+12,0.119096,7.40181e+12,0.449771
89,890,6.12378e+12,0.0323192,7.40181e+12,0.493331
90,900,6.12378e+12,0.10854,7.40181e+12,0.610874
91,910,6.12378e+12,0.0838456,7.40181e+12,0.499062
92,920,6.12378e+12,0.0426086,7.40181e+12,0.521332
93,930,6.12378e+12,0.0720152,7.40181e+12,0.473093
94,940,6.12378e+12,0.0287938,7.40181e+12,0.516154
95,950,6.12378e+12,0.109858,7.40181e+12,0.543563
96,960,6.12378e+12,0.0574982,7.40181e+12,0.552084
97,970,6.12378e+12,0.172889,7.40181e+12,0.44039
98,980,6.12378e+12,0.0451908,7.40181e+12,0.47673
99,990,6.12378e+12,0.0737092,7.40181e+12,0.481086
100,1000,6.12378e+12,0.0473856,7.40181e+12,0.457855
101,1010,6.12378e+12,0.0231911,7.40181e+12,0.52881
102,1020,6.12378e+12,0.0938859,7.40181e+12,0.552513
103,1030,6.12378e+12,0.0583189,7.40181e+12,0.541323
104,1040,6.12378e+12,0.106328,7.40181e+12,0.531151
105,1050,6.12378e+12,0.0880865,7.40181e+12,0.4247
106,1060,6.12378e+12,0.0711576,7.40181e+12,0.515811
107,1070,6.12378e+12,0.0802738,7.40181e+12,0.546152
108,1080,6.12378e+12,0.101766,7.40181e+12,0.600947
109,1090,6.12378e+12,0.145135,7.40181e+12,0.456951
110,1100,6.12378e+12,0.0437827,7.40181e+12,0.475583
111,1110,6.12378e+12,0.0849917,7.40181e+12,0.571658
112,1120,6.12378e+12,0.119,7.40181e+12,0.558856
113,1130,6.12378e+12,0.0747337,7.40181e+12,0.515059
114,1140,6.12378e+12,0.150788,7.40181e+12,0.528867
115,1150,6.12378e+12,0.117152,7.40181e+12,0.573089
116,1160,6.12378e+12,0.0562274,7.40181e+12,0.537166
117,1170,6.12378e+12,0.160384,7.40181e+12,0.566107
118,1180,6.12378e+12,0.0785144,7.40181e+12,0.519005
119,1190,6.12378e+12,0.198293,7.40181e+12,0.483331
120,1200,6.12378e+12,0.129546,7.40181e+12,0.485015
121,1210,6.12378e+12,0.102804,7.40181e+12,0.553514
122,1220,6.12378e+12,0.15314,7.40181e+12,0.477181
123,1230,6.12378e+12,0.0665762,7.40181e+12,0.530746
124,1240,6.12378e+12,0.123657,7.40181e+12,0.474431
125,1250,6.12378e+12,0.0467286,7.40181e+12,0.550544
126,1260,6.12378e+12,0.0963863,7.32805e+12,0.546516
127,1270,6.12378e+12,0.14538,7.32805e+12,0.609048
128,1280,6.12378e+12,0.154063,7.32805e+12,0.553217
129,1290,6.12378e+12,0.0822105,7.3263e+12,0.565643
130,1300,6.12378e+12,0.0441808,7.3263e+12,0.528584
131,1310,6.12378e+12,0.102797,7.3263e+12,0.520225
132,1320,6.12378e+12,0.0672919,7.3263e+12,0.528253
133,1330,6.12378e+12,0.0590785,7.3263e+12,0.597164
134,1340,6.12378e+12,0.0482214,7.3263e+12,0.583398
135,1350,6.12378e+12,0.0433914,7.3263e+12,0.563497
136,1360,6.12378e+12,0.0455695,7.3263e+12,0.510031
137,1370,6.12378e+12,0.0294935,7.3263e+12,0.536063
138,1380,6.12378e+12,0.0331966,7.3263e+12,0.554235
139,1390,6.12378e+12,0.0468149,7.3263e+12,0.601526
140,1400,6.12378e+12,0.0513285,7.28482e+12,0.508211
141,1410,6.12378e+12,0.050141,7.28482e+12,0.527147
142,1420,6.12378e+12,0.0885901,7.28482e+12,0.561768
143,1430,6.12378e+12,0.044142,7.28482e+12,0.645467
144,1440,6.12378e+12,0.0962447,7.28482e+12,0.52554
145,1450,6.12378e+12,0.106723,7.28482e+12,0.476652
146,1460,6.12378e+12,0.0470063,7.28482e+12,0.460833
147,1470,6.12378e+12,0.0936897,7.28482e+12,0.531326
148,1480,6.12378e+12,0.0703446,7.28482e+12,0.539852
149,1490,6.12378e+12,0.0611166,7.28482e+12,0.488816
150,1500,6.12378e+12,0.0525332,7.28482e+12,0.518628
151,1510,6.12378e+12,0.10407,7.28482e+12,0.607759
152,1520,6.12378e+12,0.0871576,7.28482e+12,0.499356
153,1530,6.12378e+12,0.0875249,7.28482e+12,0.510044
154,1540,6.12378e+12,0.0943586,7.28482e+12,0.452027
155,1550,6.12378e+12,0.0651471,7.28482e+12,0.516991
156,1560,6.12378e+12,0.0328315,7.28482e+12,0.493908
157,1570,6.12378e+12,0.0534068,7.28482e+12,0.458699
158,1580,6.12378e+12,0.0684063,7.28482e+12,0.502183
159,1590,6.12378e+12,0.0481698,7.28482e+12,0.54169
160,1600,6.12378e+12,0.0839606,7.28482e+12,0.56578
161,1610,6.12378e+12,0.109598,7.28482e+12,0.462083
162,1620,6.12378e+12,0.0734389,7.28482e+12,0.542194
163,1630,6.12378e+12,0.064672,7.28482e+12,0.528863
164,1640,6.12378e+12,0.0690127,7.28482e+12,0.557723
165,1650,6.12378e+12,0.0511372,7.28482e+12,0.446885
166,1660,6.12378e+12,0.0476871,7.28482e+12,0.499395
167,1670,6.12378e+12,0.101819,7.28482e+12,0.575461
168,1680,6.12378e+12,0.0512388,7.28482e+12,0.53921
169,1690,6.12378e+12,0.102901,7.28482e+12,0.489594
170,1700,6.12378e+12,0.0929972,7.28482e+12,0.495179
171,1710,6.12378e+12,0.130293,7.28482e+12,0.499534
172,1720,6.12378e+12,0.0408909,7.28482e+12,0.52037
173,1730,6.12378e+12,0.065505,7.28482e+12,0.503113
174,1740,6.12378e+12,0.0912961,7.28482e+12,0.454928
175,1750,6.12378e+12,0.0681679,7.28482e+12,0.532368
176,1760,6.12378e+12,0.0568011,7.28482e+12,0.527477
177,1770,6.12378e+12,0.0800396,7.28482e+12,0.547431
178,1780,6.12378e+12,0.0465817,7.28482e+12,0.533463
179,1790,6.12378e+12,0.138575,7.28482e+12,0.506808
180,1800,6.12378e+12,0.0784608,7.28482e+12,0.523654
181,1810,6.12378e+12,0.0538695,7.28482e+12,0.584675
182,1820,6.12378e+12,0.104877,7.28482e+12,0.549385
183,1830,6.12378e+12,0.116707,7.28482e+12,0.514099
184,1840,6.12378e+12,0.112189,7.28482e+12,0.470426
185,1850,6.12378e+12,0.0422122,7.23063e+12,0.585063
186,1860,6.12378e+12,0.102402,7.23063e+12,0.564421
187,1870,6.12378e+12,0.0856122,7.23063e+12,0.473591
188,1880,6.12378e+12,0.113309,7.23063e+12,0.454119
189,1890,6.12378e+12,0.0690787,7.23063e+12,0.517955
190,1900,6.12378e+12,0.115446,7.23063e+12,0.542576
191,1910,6.12378e+12,0.0354237,7.23063e+12,0.646334
192,1920,6.12378e+12,0.114841,7.23063e+12,0.457351
193,1930,6.12378e+12,0.109445,7.23063e+12,0.469071
194,1940,6.12378e+12,0.0374068,7.23063e+12,0.537825
195,1950,6.12378e+12,0.163635,7.23063e+12,0.641496
196,1960,6.12378e+12,0.0608764,7.23063e+12,0.605911
197,1970,6.12378e+12,0.126215,7.23063e+12,0.432996
198,1980,6.12378e+12,0.113467,7.14387e+12,0.471539
199,1990,6.12378e+12,0.080062,7.14387e+12,0.528983
200,2000,6.12378e+12,0.0732513,7.14387e+12,0.61533
