Gen,Fevals,gbest,Mean Vel.,Mean lbest,Avg. Dist.
1,10,1.15471e+13,0.313902,1.31609e+13,1.15404
2,20,1.15471e+13,0.247399,1.29932e+13,1.07904
3,30,1.15471e+13,0.179606,1.24446e+13,0.809397
4,40,1.15471e+13,0.1244,1.24394e+13,0.900278
5,50,1.15471e+13,0.106665,1.23692e+13,0.754785
6,60,1.15471e+13,0.215708,1.2315e+13,0.858864
7,70,1.13868e+13,0.205976,1.21731e+13,0.768683
8,80,1.13868e+13,0.213366,1.21731e+13,0.688665
9,90,1.1329e+13,0.215283,1.20914e+13,0.796639
10,100,1.1329e+13,0.193116,1.20874e+13,0.850947
11,110,1.12243e+13,0.147876,1.18454e+13,0.868132
12,120,1.12243e+13,0.219766,1.17858e+13,0.711322
13,130,1.12243e+13,0.161574,1.17858e+13,0.91258
14,140,1.12243e+13,0.135493,1.16934e+13,0.728097
15,150,1.12243e+13,0.117886,1.16268e+13,0.804841
16,160,1.12243e+13,0.136153,1.1555e+13,0.710549
17,170,1.12243e+13,0.142824,1.1555e+13,0.81567
18,180,1.10207e+13,0.147023,1.14281e+13,0.757858
19,190,1.10207e+13,0.14892,1.13609e+13,0.612043
20,200,1.10207e+13,0.100677,1.13609e+13,0.693145
21,210,1.10207e+13,0.15967,1.13048e+13,0.659237
22,220,1.0806e+13,0.149858,1.12498e+13,0.568115
23,230,1.0806e+13,0.0848962,1.12459e+13,0.628063
24,240,1.0806e+13,0.0947384,1.12459e+13,0.701182
25,250,1.0806e+13,0.133226,1.12459e+13,0.662945
26,260,1.0806e+13,0.108116,1.12459e+13,0.647554
27,270,1.0806e+13,0.111928,1.12368e+13,0.570432
28,280,1.0436e+13,0.0525633,1.11573e+13,0.658273
29,290,1.0436e+13,0.114367,1.11573e+13,0.70065
30,300,1.0436e+13,0.116684,1.11573e+13,0.763395
31,310,1.0436e+13,0.100185,1.11573e+13,0.724872
32,320,1.0436e+13,0.0792378,1.11573e+13,0.695471
33,330,1.0436e+13,0.130463,1.11329e+13,0.603184
34,340,1.0436e+13,0.150535,1.11329e+13,0.661053
35,350,1.0436e+13,0.10324,1.11329e+13,0.683656
36,360,1.0436e+13,0.108107,1.10901e+13,0.630367
37,370,1.0436e+13,0.107133,1.10901e+13,0.612805
38,380,1.0436e+13,0.0618011,1.10901e+13,0.593233
39,390,1.0346e+13,0.113112,1.10013e+13,0.63798
40,400,1.0346e+13,0.0754045,1.09171e+13,0.687341
41,410,1.0346e+13,0.0905904,1.09147e+13,0.68157
42,420,1.0346e+13,0.0564129,1.09147e+13,0.553719
43,430,1.0346e+13,0.0532523,1.09147e+13,0.629177
44,440,1.0346e+13,0.0960381,1.09147e+13,0.621623
45,450,1.0346e+13,0.0866634,1.09147e+13,0.618025
46,460,1.0346e+13,0.0864172,1.09081e+13,0.626792
47,470,1.0346e+13,0.0529008,1.09081e+13,0.660089
48,480,1.0346e+13,0.0687046,1.09081e+13,0.623112
49,490,1.0346e+13,0.102338,1.09081e+13,0.636881
50,500,1.0346e+13,0.0391329,1.09081e+13,0.642435
51,510,1.0346e+13,0.0981598,1.09081e+13,0.644854
52,520,1.0346e+13,0.0702287,1.09081e+13,0.680045
53,530,1.0346e+13,0.0445641,1.09081e+13,0.597919
54,540,1.0346e+13,0.0805966,1.09081e+13,0.591727
55,550,1.0346e+13,0.0563811,1.08887e+13,0.591875
56,560,1.0346e+13,0.0682563,1.0863e+13,0.684803
57,570,1.0346e+13,0.0623434,1.08278e+13,0.700249
58,580,1.0346e+13,0.0644544,1.08278e+13,0.591428
59,590,1.0346e+13,0.0610103,1.08126e+13,0.616781
60,600,1.0346e+13,0.0683547,1.08126e+13,0.658946
61,610,1.0346e+13,0.0396615,1.08062e+13,0.634924
62,620,1.0346e+13,0.075382,1.08062e+13,0.607123
63,630,1.02794e+13,0.0797949,1.07593e+13,0.627077
64,640,1.02794e+13,0.0624627,1.07593e+13,0.544245
65,650,1.02794e+13,0.0649003,1.07593e+13,0.553881
66,660,1.02794e+13,0.0464315,1.07593e+13,0.601108
67,670,1.02794e+13,0.0913299,1.07585e+13,0.605852
68,680,1.02794e+13,0.0728717,1.07503e+13,0.567982
69,690,1.02794e+13,0.0647759,1.07503e+13,0.588871
70,700,1.02794e+13,0.0698566,1.07503e+13,0.612093
71,710,1.02794e+13,0.0721135,1.07503e+13,0.566254
72,720,1.02794e+13,0.0576708,1.07503e+13,0.65286
73,730,1.02794e+13,0.0541444,1.07503e+13,0.698912
74,740,1.02794e+13,0.054246,1.07503e+13,0.578497
75,750,1.02794e+13,0.0576898,1.07503e+13,0.616875
76,760,1.02794e+13,0.0724714,1.07503e+13,0.626951
77,770,1.02794e+13,0.0812036,1.07503e+13,0.656239
78,780,1.02794e+13,0.0489614,1.07503e+13,0.600486
79,790,1.02794e+13,0.125683,1.07503e+13,0.626244
80,800,1.02794e+13,0.0489042,1.07503e+13,0.644775
81,810,1.02794e+13,0.0700646,1.0724e+13,0.596893
82,820,1.02794e+13,0.0752347,1.0724e+13,0.590434
83,830,1.02794e+13,0.0592725,1.0724e+13,0.630891
84,840,1.02794e+13,0.0652113,1.0724e+13,0.643705
85,850,1.02794e+13,0.0495435,1.0724e+13,0.604579
86,860,1.02001e+13,0.0744824,1.0716e+13,0.589112
87,870,1.02001e+13,0.058576,1.0716e+13,0.563247
88,880,1.02001e+13,0.0488543,1.0716e+13,0.576034
89,890,1.02001e+13,0.0698073,1.0716e+13,0.614043
90,900,1.02001e+13,0.0524791,1.07111e+13,0.68087
91,910,1.02001e+13,0.0564993,1.07111e+13,0.603327
92,920,1.02001e+13,0.0778927,1.07111e+13,0.59116
93,930,1.02001e+13,0.0985736,1.07111e+13,0.663581
94,940,1.02001e+13,0.0710554,1.07111e+13,0.644253
95,950,1.02001e+13,0.0910685,1.07111e+13,0.598332
96,960,1.02001e+13,0.0858787,1.07111e+13,0.579967
97,970,1.02001e+13,0.0938434,1.07111e+13,0.625177
98,980,1.02001e+13,0.0501046,1.07111e+13,0.609321
99,990,1.02001e+13,0.0913375,1.07111e+13,0.60858
100,1000,1.02001e+13,0.0385747,1.07111e+13,0.555485
101,1010,1.02001e+13,0.0597772,1.07111e+13,0.593527
102,1020,1.02001e+13,0.0306994,1.07111e+13,0.63127
103,1030,1.02001e+13,0.0665967,1.07111e+13,0.576492
104,1040,1.02001e+13,0.0548386,1.07111e+13,0.598564
105,1050,1.02001e+13,0.0913069,1.07111e+13,0.596832
106,1060,1.02001e+13,0.0813731,1.07111e+13,0.662751
107,1070,1.02001e+13,0.109561,1.07111e+13,0.613627
108,1080,1.02001e+13,0.0798832,1.07111e+13,0.595223
109,1090,1.02001e+13,0.0507901,1.07111e+13,0.558377
110,1100,1.02001e+13,0.108575,1.07111e+13,0.663124
111,1110,9.67054e+12,0.0385622,1.06582e+13,0.706222
112,1120,9.67054e+12,0.10465,1.06582e+13,0.599375
113,1130,9.67054e+12,0.0910519,1.06582e+13,0.63457
114,1140,9.67054e+12,0.101395,1.06582e+13,0.668295
115,1150,9.67054e+12,0.0910927,1.06582e+13,0.649193
116,1160,9.67054e+12,0.143119,1.06582e+13,0.695723
117,1170,9.67054e+12,0.050178,1.06582e+13,0.667853
118,1180,9.67054e+12,0.139426,1.06582e+13,0.606114
119,1190,9.67054e+12,0.109959,1.06582e+13,0.678152
120,1200,9.67054e+12,0.127122,1.06582e+13,0.650312
121,1210,9.67054e+12,0.128464,1.06582e+13,0.607853
122,1220,9.67054e+12,0.112964,1.06524e+13,0.702439
123,1230,9.67054e+12,0.163284,1.05902e+13,0.692245
124,1240,9.67054e+12,0.13986,1.05902e+13,0.680291
125,1250,9.67054e+12,0.109436,1.05902e+13,0.753766
126,1260,9.67054e+12,0.117649,1.05902e+13,0.676031
127,1270,9.67054e+12,0.0675226,1.05902e+13,0.663522
128,1280,9.67054e+12,0.150059,1.05902e+13,0.73336
129,1290,9.67054e+12,0.0646662,1.05902e+13,0.76949
130,1300,9.67054e+12,0.114098,1.05902e+13,0.698735
131,1310,9.67054e+12,0.0911728,1.05902e+13,0.664139
132,1320,9.67054e+12,0.0607329,1.05902e+13,0.62787
133,1330,9.67054e+12,0.0723624,1.05902e+13,0.695328
134,1340,9.67054e+12,0.054281,1.05902e+13,0.700936
135,1350,9.67054e+12,0.0663121,1.05902e+13,0.665126
136,1360,9.67054e+12,0.0921337,1.05902e+13,0.676061
137,1370,9.67054e+12,0.0834505,1.05902e+13,0.696297
138,1380,9.67054e+12,0.0566863,1.05902e+13,0.597925
139,1390,9.67054e+12,0.0507905,1.05902e+13,0.649816
140,1400,9.67054e+12,0.0446799,1.05902e+13,0.651855
141,1410,9.67054e+12,0.019136,1.05902e+13,0.629968
142,1420,9.67054e+12,0.0546002,1.05902e+13,0.664192
143,1430,9.67054e+12,0.039631,1.05902e+13,0.592277
144,1440,9.67054e+12,0.062008,1.05902e+13,0.62618
145,1450,9.67054e+12,0.0293589,1.05721e+13,0.681959
146,1460,9.67054e+12,0.0578587,1.05721e+13,0.705479
147,1470,9.67054e+12,0.057923,1.05721e+13,0.643141
148,1480,9.67054e+12,0.0577324,1.05721e+13,0.669136
149,1490,9.67054e+12,0.0359708,1.05721e+13,0.698354
150,1500,9.67054e+12,0.0613894,1.05721e+13,0.722818
151,1510,9.67054e+12,0.0269747,1.05721e+13,0.65153
152,1520,9.67054e+12,0.0506769,1.05721e+13,0.674551
153,1530,9.67054e+12,0.03515,1.05721e+13,0.696307
154,1540,9.67054e+12,0.0747815,1.05721e+13,0.667717
155,1550,9.67054e+12,0.0203256,1.05721e+13,0.649726
156,1560,9.67054e+12,0.0337559,1.05721e+13,0.624798
157,1570,9.67054e+12,0.0341057,1.05721e+13,0.695807
158,1580,9.67054e+12,0.0482096,1.05721e+13,0.705084
159,1590,9.67054e+12,0.0375601,1.05721e+13,0.664541
160,1600,9.67054e+12,0.0272803,1.05721e+13,0.672676
161,1610,9.67054e+12,0.0485439,1.05721e+13,0.642723
162,1620,9.67054e+12,0.0222334,1.05721e+13,0.720349
163,1630,9.67054e+12,0.038166,1.05721e+13,0.666782
164,1640,9.67054e+12,0.0365971,1.05721e+13,0.666104
165,1650,9.67054e+12,0.0326066,1.05721e+13,0.681389
166,1660,9.67054e+12,0.0261814,1.05721e+13,0.625841
167,1670,9.67054e+12,0.0430511,1.05721e+13,0.620341
168,1680,9.67054e+12,0.0250532,1.05721e+13,0.685781
169,1690,9.67054e+12,0.0192679,1.05721e+13,0.674494
170,1700,9.67054e+12,0.0682224,1.05721e+13,0.623869
171,1710,9.67054e+12,0.0168724,1.05721e+13,0.652666
172,1720,9.67054e+12,0.037206,1.05721e+13,0.67063
173,1730,9.67054e+12,0.0587287,1.05721e+13,0.71877
174,1740,9.67054e+12,0.0150287,1.05721e+13,0.690869
175,1750,9.67054e+12,0.0742122,1.05721e+13,0.631935
176,1760,9.67054e+12,0.0443447,1.05721e+13,0.719227
177,1770,9.67054e+12,0.0308302,1.05721e+13,0.696764
178,1780,9.67054e+12,0.0645457,1.05123e+13,0.688786
179,1790,9.67054e+12,0.0608348,1.05123e+13,0.679815
180,1800,9.67054e+12,0.0454574,1.05123e+13,0.67486
181,1810,9.67054e+12,0.0177564,1.05123e+13,0.653268
182,1820,9.67054e+12,0.0490753,1.05123e+13,0.603469
183,1830,9.67054e+12,0.0403875,1.05123e+13,0.642052
184,1840,9.67054e+12,0.0395415,1.05123e+13,0.679718
185,1850,9.67054e+12,0.0362147,1.05123e+13,0.637165
186,1860,9.67054e+12,0.0377349,1.05123e+13,0.584765
187,1870,9.67054e+12,0.0422169,1.05123e+13,0.716872
188,1880,9.67054e+12,0.023395,1.05123e+13,0.676182
189,1890,9.67054e+12,0.0401254,1.05123e+13,0.670407
190,1900,9.67054e+12,0.0435939,1.05123e+13,0.666252
191,1910,9.67054e+12,0.0228591,1.05123e+13,0.696125
192,1920,9.67054e+12,0.0423833,1.05123e+13,0.6634
193,1930,9.67054e+12,0.0395025,1.05123e+13,0.662117
194,1940,9.67054e+12,0.0497822,1.05123e+13,0.646733
195,1950,9.67054e+12,0.0289341,1.05123e+13,0.682825
196,1960,9.67054e+12,0.023927,1.05123e+13,0.633812
197,1970,9.67054e+12,0.039102,1.05123e+13,0.689845
198,1980,9.67054e+12,0.036825,1.04951e+13,0.628947
199,1990,9.67054e+12,0.0244535,1.0475e+13,0.731845
200,2000,9.67054e+12,0.0404861,1.0475e+13,0.658722
