Gen,Fevals,gbest,Mean Vel.,Mean lbest,Avg. Dist.
1,10,4.44328e+12,0.257279,5.55578e+12,0.919678
2,20,4.44328e+12,0.20814,5.45791e+12,0.824852
3,30,4.44328e+12,0.130433,5.38766e+12,0.848109
4,40,4.44328e+12,0.165143,5.21583e+12,0.901785
5,50,3.9017e+12,0.27259,5.10415e+12,0.919402
6,60,3.9017e+12,0.219118,5.07924e+12,0.838666
7,70,3.9017e+12,0.215034,5.05016e+12,0.692145
8,80,3.9017e+12,0.189635,5.05016e+12,0.713601
9,90,3.9017e+12,0.192308,5.05016e+12,0.775326
10,100,3.9017e+12,0.216107,4.9288e+12,0.699442
11,110,3.9017e+12,0.110041,4.89186e+12,0.727433
12,120,3.9017e+12,0.0931187,4.87304e+12,0.614117
13,130,3.9017e+12,0.158932,4.85068e+12,0.553555
14,140,3.9017e+12,0.0842087,4.83499e+12,0.488479
15,150,3.9017e+12,0.103051,4.83499e+12,0.509988
16,160,3.9017e+12,0.0820404,4.82881e+12,0.575527
17,170,3.9017e+12,0.0861651,4.82881e+12,0.526265
18,180,3.9017e+12,0.0764808,4.76112e+12,0.459225
19,190,3.9017e+12,0.121875,4.73634e+12,0.428077
20,200,3.9017e+12,0.10764,4.73634e+12,0.482229
21,210,3.9017e+12,0.122181,4.73634e+12,0.530337
22,220,3.9017e+12,0.0928951,4.73634e+12,0.447724
23,230,3.9017e+12,0.103317,4.73634e+12,0.471627
24,240,3.9017e+12,0.134018,4.73634e+12,0.452889
25,250,3.9017e+12,0.0564642,4.73634e+12,0.489388
26,260,3.9017e+12,0.12227,4.65699e+12,0.48707
27,270,3.9017e+12,0.100063,4.65699e+12,0.48754
28,280,3.9017e+12,0.083191,4.65699e+12,0.44521
29,290,3.9017e+12,0.0716208,4.5925e+12,0.393872
30,300,3.9017e+12,0.0552778,4.5925e+12,0.439027
31,310,3.9017e+12,0.0444705,4.5925e+12,0.497602
32,320,3.9017e+12,0.0448111,4.58757e+12,0.370935
33,330,3.9017e+12,0.0658914,4.58757e+12,0.436427
34,340,3.9017e+12,0.048492,4.58757e+12,0.448509
35,350,3.9017e+12,0.0866623,4.56484e+12,0.444563
36,360,3.9017e+12,0.0626984,4.56484e+12,0.411382
37,370,3.9017e+12,0.0986071,4.56484e+12,0.476336
38,380,3.9017e+12,0.0450854,4.56484e+12,0.522462
39,390,3.9017e+12,0.0998826,4.56133e+12,0.352888
40,400,3.9017e+12,0.0521133,4.56133e+12,0.426963
41,410,3.9017e+12,0.0704077,4.56133e+12,0.329778
42,420,3.9017e+12,0.058817,4.56133e+12,0.385737
43,430,3.9017e+12,0.0560358,4.56133e+12,0.400643
44,440,3.9017e+12,0.0578365,4.56133e+12,0.318593
45,450,3.9017e+12,0.090614,4.56133e+12,0.396184
46,460,3.9017e+12,0.0709483,4.56133e+12,0.442215
47,470,3.9017e+12,0.0755177,4.56133e+12,0.440672
48,480,3.9017e+12,0.0972825,4.56133e+12,0.330269
49,490,3.9017e+12,0.10732,4.56133e+12,0.396714
50,500,3.9017e+12,0.0463263,4.56133e+12,0.403084
51,510,3.9017e+12,0.0711778,4.56133e+12,0.397855
52,520,3.9017e+12,0.0505869,4.56133e+12,0.456732
53,530,3.9017e+12,0.0957708,4.56133e+12,0.451727
54,540,3.9017e+12,0.0545841,4.56133e+12,0.361738
55,550,3.9017e+12,0.091528,4.56133e+12,0.391686
56,560,3.9017e+12,0.0760612,4.56133e+12,0.453449
57,570,3.9017e+12,0.0600511,4.56133e+12,0.427361
58,580,3.9017e+12,0.0740518,4.48924e+12,0.377408
59,590,3.9017e+12,0.0272924,4.48924e+12,0.369187
60,600,3.9017e+12,0.119184,4.48924e+12,0.419536
61,610,3.9017e+12,0.0505535,4.48924e+12,0.342119
62,620,3.9017e+12,0.0836346,4.42515e+12,0.337767
63,630,3.69003e+12,0.0369548,4.29961e+12,0.344628
64,640,3.69003e+12,0.0559261,4.29961e+12,0.420678
65,650,3.69003e+12,0.0842436,4.29961e+12,0.389059
66,660,3.69003e+12,0.0538017,4.29961e+12,0.337513
67,670,3.69003e+12,0.0743405,4.29961e+12,0.393834
68,680,3.69003e+12,0.0541029,4.29961e+12,0.385484
69,690,3.69003e+12,0.11268,4.29961e+12,0.429607
70,700,3.69003e+12,0.0499379,4.29961e+12,0.448822
71,710,3.69003e+12,0.0906389,4.29961e+12,0.452004
72,720,3.69003e+12,0.0465948,4.29265e+12,0.406831
73,730,3.69003e+12,0.0658132,4.29265e+12,0.41886
74,740,3.69003e+12,0.0704986,4.29265e+12,0.388001
75,750,3.69003e+12,0.0455511,4.29265e+12,0.406562
76,760,3.69003e+12,0.0478592,4.29265e+12,0.415526
77,770,3.69003e+12,0.0693518,4.29265e+12,0.402216
78,780,3.69003e+12,0.0987229,4.29265e+12,0.397548
79,790,3.69003e+12,0.0596348,4.29265e+12,0.440779
80,800,3.69003e+12,0.128104,4.29265e+12,0.391093
81,810,3.69003e+12,0.0476719,4.29265e+12,0.403484
82,820,3.69003e+12,0.133416,4.29265e+12,0.402771
83,830,3.69003e+12,0.0393421,4.29265e+12,0.437397
84,840,3.69003e+12,0.110067,4.29265e+12,0.361441
85,850,3.69003e+12,0.10107,4.29265e+12,0.333675
86,860,3.69003e+12,0.063594,4.29265e+12,0.341704
87,870,3.69003e+12,0.0637731,4.29265e+12,0.416079
88,880,3.69003e+12,0.0705429,4.29265e+12,0.402469
89,890,3.69003e+12,0.0696171,4.29265e+12,0.391298
90,900,3.69003e+12,0.0473791,4.29265e+12,0.337591
91,910,3.69003e+12,0.0402345,4.29265e+12,0.382401
92,920,3.69003e+12,0.0398757,4.2472e+12,0.356054
93,930,3.69003e+12,0.0606952,4.2472e+12,0.473167
94,940,3.69003e+12,0.063239,4.2472e+12,0.421868
95,950,3.69003e+12,0.0594874,4.2472e+12,0.391201
96,960,3.69003e+12,0.0572532,4.2472e+12,0.439302
97,970,3.69003e+12,0.0875908,4.24557e+12,0.384824
98,980,3.69003e+12,0.0739918,4.24557e+12,0.399328
99,990,3.69003e+12,0.0604429,4.24557e+12,0.436302
100,1000,3.69003e+12,0.0840851,4.24557e+12,0.401068
101,1010,3.69003e+12,0.0750705,4.24557e+12,0.37698
102,1020,3.69003e+12,0.0596564,4.24557e+12,0.396545
103,1030,3.69003e+12,0.0523702,4.24557e+12,0.382777
104,1040,3.69003e+12,0.0871575,4.24557e+12,0.420194
105,1050,3.69003e+12,0.0851757,4.24557e+12,0.347935
106,1060,3.69003e+12,0.0691855,4.18762e+12,0.387213
107,1070,3.69003e+12,0.135908,4.18762e+12,0.439801
108,1080,3.69003e+12,0.0879397,4.12755e+12,0.491227
109,1090,3.69003e+12,0.153833,4.12755e+12,0.459813
110,1100,3.69003e+12,0.113295,4.12755e+12,0.401028
111,1110,3.69003e+12,0.109292,4.12755e+12,0.378144
112,1120,3.69003e+12,0.0734103,4.12755e+12,0.435262
113,1130,3.69003e+12,0.0620267,4.12755e+12,0.430012
114,1140,3.69003e+12,0.0814725,4.12755e+12,0.373799
115,1150,3.69003e+12,0.114762,4.12755e+12,0.364314
116,1160,3.69003e+12,0.103157,4.12755e+12,0.414469
117,1170,3.69003e+12,0.115493,4.12755e+12,0.47804
118,1180,3.69003e+12,0.0890488,4.12755e+12,0.39305
119,1190,3.69003e+12,0.089715,4.12755e+12,0.444037
120,1200,3.69003e+12,0.0524096,4.12755e+12,0.349018
121,1210,3.69003e+12,0.0707764,4.12755e+12,0.384492
122,1220,3.69003e+12,0.11345,4.12755e+12,0.4062
123,1230,3.69003e+12,0.0345347,4.12755e+12,0.420345
124,1240,3.69003e+12,0.134065,4.12603e+12,0.357098
125,1250,3.69003e+12,0.103447,4.12603e+12,0.356441
126,1260,3.69003e+12,0.0346697,4.12603e+12,0.369912
127,1270,3.69003e+12,0.107494,4.12603e+12,0.358776
128,1280,3.69003e+12,0.106416,4.12603e+12,0.373563
129,1290,3.69003e+12,0.130948,4.12603e+12,0.328892
130,1300,3.69003e+12,0.0762301,4.12603e+12,0.388392
131,1310,3.69003e+12,0.0643679,4.12603e+12,0.377407
132,1320,3.69003e+12,0.069648,4.12603e+12,0.332838
133,1330,3.69003e+12,0.0960197,4.12603e+12,0.312407
134,1340,3.69003e+12,0.0660171,4.12603e+12,0.426129
135,1350,3.69003e+12,0.179363,4.12603e+12,0.459692
136,1360,3.69003e+12,0.0931871,4.12603e+12,0.349973
137,1370,3.69003e+12,0.152934,4.12603e+12,0.323809
138,1380,3.69003e+12,0.0614601,4.12603e+12,0.471902
139,1390,3.69003e+12,0.163567,4.12603e+12,0.420114
140,1400,3.69003e+12,0.0406482,4.12603e+12,0.404073
141,1410,3.69003e+12,0.13585,4.12603e+12,0.320682
142,1420,3.69003e+12,0.0932989,4.12603e+12,0.431998
143,1430,3.69003e+12,0.0994759,4.12603e+12,0.42566
144,1440,3.69003e+12,0.0960034,4.12603e+12,0.413773
145,1450,3.69003e+12,0.063881,4.11492e+12,0.34224
146,1460,3.69003e+12,0.120039,4.11492e+12,0.334895
147,1470,3.69003e+12,0.0794988,4.11492e+12,0.382669
148,1480,3.69003e+12,0.153162,4.11492e+12,0.409215
149,1490,3.69003e+12,0.0801327,4.07809e+12,0.414946
150,1500,3.69003e+12,0.129069,4.07809e+12,0.334665
151,1510,3.69003e+12,0.109956,4.07809e+12,0.405724
152,1520,3.69003e+12,0.0732932,4.07809e+12,0.420351
153,1530,3.69003e+12,0.180777,4.07809e+12,0.390041
154,1540,3.69003e+12,0.0261561,4.05368e+12,0.392834
155,1550,3.69003e+12,0.164129,4.05368e+12,0.33371
156,1560,3.69003e+12,0.0700104,4.05368e+12,0.356067
157,1570,3.69003e+12,0.189044,4.05368e+12,0.375991
158,1580,3.69003e+12,0.0950887,4.05368e+12,0.31931
159,1590,3.69003e+12,0.134115,4.05368e+12,0.319603
160,1600,3.69003e+12,0.0624747,4.05368e+12,0.361511
161,1610,3.69003e+12,0.107406,4.05368e+12,0.352082
162,1620,3.69003e+12,0.0497686,4.05368e+12,0.344834
163,1630,3.69003e+12,0.0730442,4.05368e+12,0.338714
164,1640,3.69003e+12,0.0784857,4.05368e+12,0.353824
165,1650,3.69003e+12,0.0414519,4.05368e+12,0.410534
166,1660,3.69003e+12,0.088394,4.05368e+12,0.339697
167,1670,3.69003e+12,0.0600266,4.05368e+12,0.347061
168,1680,3.69003e+12,0.0750401,4.05368e+12,0.387092
169,1690,3.69003e+12,0.0934208,4.05368e+12,0.454816
170,1700,3.69003e+12,0.100205,4.05368e+12,0.329838
171,1710,3.69003e+12,0.0905746,4.04647e+12,0.354852
172,1720,3.69003e+12,0.0768164,4.04647e+12,0.401885
173,1730,3.69003e+12,0.0545575,4.04647e+12,0.446413
174,1740,3.69003e+12,0.056684,4.04006e+12,0.336895
175,1750,3.69003e+12,0.0625845,4.04006e+12,0.359456
176,1760,3.69003e+12,0.0401991,4.04006e+12,0.368245
177,1770,3.69003e+12,0.0888654,4.04006e+12,0.450425
178,1780,3.69003e+12,0.0435691,4.04006e+12,0.368528
179,1790,3.69003e+12,0.0692437,4.04006e+12,0.375778
180,1800,3.69003e+12,0.0917217,4.04006e+12,0.35864
181,1810,3.69003e+12,0.047345,4.04006e+12,0.407808
182,1820,3.69003e+12,0.0715924,4.04006e+12,0.348763
183,1830,3.69003e+12,0.0377815,4.04006e+12,0.439633
184,1840,3.69003e+12,0.0457204,4.04006e+12,0.380255
185,1850,3.69003e+12,0.0360938,4.04006e+12,0.423772
186,1860,3.69003e+12,0.0449009,4.04006e+12,0.335724
187,1870,3.69003e+12,0.0371889,4.04006e+12,0.33243
188,1880,3.69003e+12,0.0252466,4.04006e+12,0.365588
189,1890,3.69003e+12,0.0511308,4.04006e+12,0.411239
190,1900,3.69003e+12,0.0456552,4.04006e+12,0.386202
191,1910,3.69003e+12,0.0677127,4.04006e+12,0.372223
192,1920,3.69003e+12,0.0394788,4.04006e+12,0.359018
193,1930,3.69003e+12,0.032051,4.04006e+12,0.356504
194,1940,3.69003e+12,0.0569462,4.04006e+12,0.361748
195,1950,3.69003e+12,0.0662805,4.04006e+12,0.390785
196,1960,3.69003e+12,0.0479412,4.04006e+12,0.356008
197,1970,3.69003e+12,0.0702721,4.04006e+12,0.31195
198,1980,3.69003e+12,0.0526124,4.04006e+12,0.344174
199,1990,3.69003e+12,0.0858531,4.04006e+12,0.359112
200,2000,3.69003e+12,0.0514465,4.04006e+12,0.353263
