Gen,Fevals,gbest,Mean Vel.,Mean lbest,Avg. Dist.
1,10,1.28301e+13,0.39764,1.95112e+13,0.766016
2,20,1.28301e+13,0.226651,1.66892e+13,0.739032
3,30,1.04841e+13,0.232996,1.58963e+13,0.683246
4,40,9.65311e+12,0.178595,1.50294e+13,0.72569
5,50,9.65311e+12,0.154755,1.4626e+13,0.662813
6,60,8.95634e+12,0.208613,1.44364e+13,0.760652
7,70,8.95634e+12,0.110831,1.4382e+13,0.738934
8,80,8.95634e+12,0.267313,1.42558e+13,0.619086
9,90,8.95634e+12,0.255704,1.42558e+13,0.657508
10,100,8.95634e+12,0.20545,1.4254e+13,0.689463
11,110,8.95634e+12,0.025115,1.41046e+13,0.561699
12,120,8.95634e+12,0.127566,1.34622e+13,0.5657
13,130,8.95634e+12,0.0668716,1.31007e+13,0.625678
14,140,8.95634e+12,0.105715,1.22007e+13,0.582919
15,150,8.95634e+12,0.0594242,1.16126e+13,0.424214
16,160,7.40884e+12,0.0608335,1.08744e+13,0.413432
17,170,7.40884e+12,0.0984063,1.08744e+13,0.452932
18,180,7.40884e+12,0.0963958,1.01251e+13,0.4738
19,190,7.40884e+12,0.09938,9.57107e+12,0.484266
20,200,7.40884e+12,0.0694654,9.48405e+12,0.412253
21,210,7.40884e+12,0.0632717,9.33993e+12,0.331107
22,220,7.40884e+12,0.0591034,9.2388e+12,0.2725
23,230,7.40884e+12,0.128673,9.02208e+12,0.252221
24,240,7.40884e+12,0.0566101,9.02208e+12,0.278911
25,250,7.40884e+12,0.0925382,8.79793e+12,0.259489
26,260,7.40884e+12,0.0507513,8.46835e+12,0.269936
27,270,7.40884e+12,0.0958109,8.39739e+12,0.26273
28,280,7.40884e+12,0.0800976,8.38815e+12,0.250164
29,290,7.40884e+12,0.0251717,8.38815e+12,0.259822
30,300,7.40884e+12,0.0715746,8.29359e+12,0.272076
31,310,7.40884e+12,0.0433821,8.29359e+12,0.281724
32,320,7.40884e+12,0.0367976,8.29359e+12,0.214037
33,330,7.40884e+12,0.0379229,8.2711e+12,0.202838
34,340,5.57231e+12,0.0681199,7.99197e+12,0.216803
35,350,5.57231e+12,0.0845813,7.7686e+12,0.226616
36,360,5.57231e+12,0.0216515,7.7686e+12,0.318337
37,370,5.57231e+12,0.0561557,7.7686e+12,0.272955
38,380,5.24291e+12,0.0460186,7.44314e+12,0.169456
39,390,5.24291e+12,0.0291578,7.36516e+12,0.265353
40,400,5.24291e+12,0.0272469,7.36516e+12,0.22085
41,410,5.24291e+12,0.0486121,7.36516e+12,0.211867
42,420,5.24291e+12,0.0207635,7.26246e+12,0.239131
43,430,5.24291e+12,0.0290607,7.24706e+12,0.260464
44,440,5.24291e+12,0.021038,7.24706e+12,0.165498
45,450,5.24291e+12,0.0254799,7.24706e+12,0.172867
46,460,5.24291e+12,0.0345433,7.24706e+12,0.197564
47,470,5.24291e+12,0.0238135,7.24706e+12,0.205053
48,480,5.24291e+12,0.0264728,7.24706e+12,0.20636
49,490,5.24291e+12,0.0268768,7.24706e+12,0.263114
50,500,5.24291e+12,0.00943852,7.24706e+12,0.243841
51,510,5.24291e+12,0.0253596,7.11574e+12,0.228061
52,520,5.24291e+12,0.00999156,7.11574e+12,0.248497
53,530,5.24291e+12,0.0293401,7.11574e+12,0.256284
54,540,5.24291e+12,0.0103589,7.05189e+12,0.216672
55,550,5.24291e+12,0.0185119,7.05189e+12,0.183259
56,560,5.24291e+12,0.00653821,7.05189e+12,0.184483
57,570,5.24291e+12,0.0123174,7.05189e+12,0.213662
58,580,5.24291e+12,0.0101632,7.05189e+12,0.223235
59,590,5.24291e+12,0.00772838,7.05189e+12,0.199461
60,600,5.24291e+12,0.0113038,7.05189e+12,0.145772
61,610,5.24291e+12,0.0160665,7.05189e+12,0.169902
62,620,5.24291e+12,0.00877724,7.05189e+12,0.203247
63,630,5.24291e+12,0.0094301,7.05189e+12,0.237766
64,640,5.24291e+12,0.012071,7.05189e+12,0.164434
65,650,5.24291e+12,0.0122503,7.02363e+12,0.119535
66,660,5.24291e+12,0.00820619,6.85186e+12,0.157407
67,670,5.24291e+12,0.0149743,6.85186e+12,0.188683
68,680,5.24291e+12,0.0123749,6.85186e+12,0.147098
69,690,5.24291e+12,0.00891786,6.85186e+12,0.112114
70,700,5.24291e+12,0.0100959,6.85186e+12,0.137947
71,710,5.24291e+12,0.0160575,6.85186e+12,0.168079
72,720,5.24291e+12,0.0189722,6.85186e+12,0.210032
73,730,5.24291e+12,0.0106545,6.85186e+12,0.169511
74,740,5.24291e+12,0.0240094,6.78128e+12,0.160696
75,750,5.24291e+12,0.0164643,6.78128e+12,0.132888
76,760,5.24291e+12,0.0205918,6.65705e+12,0.15411
77,770,5.24291e+12,0.00987319,6.65705e+12,0.21537
78,780,5.24291e+12,0.00421485,6.65705e+12,0.220522
79,790,5.24291e+12,0.020776,6.65705e+12,0.202191
80,800,5.24291e+12,0.0036439,6.54449e+12,0.176366
81,810,5.24291e+12,0.023935,6.54449e+12,0.20615
82,820,5.24291e+12,0.0117595,6.54328e+12,0.222819
83,830,5.24291e+12,0.0222247,6.51158e+12,0.222841
84,840,5.24291e+12,0.0124805,6.51158e+12,0.163391
85,850,5.24291e+12,0.0119769,6.51158e+12,0.177422
86,860,5.24291e+12,0.00954186,6.51158e+12,0.215136
87,870,5.24291e+12,0.0118008,6.51158e+12,0.195984
88,880,5.24291e+12,0.00475472,6.51158e+12,0.179172
89,890,5.24291e+12,0.0076123,6.51158e+12,0.191143
90,900,5.24291e+12,0.00508708,6.51158e+12,0.186392
91,910,5.24291e+12,0.0115612,6.51158e+12,0.186955
92,920,5.24291e+12,0.00780641,6.51158e+12,0.190195
93,930,5.24291e+12,0.00377966,6.51158e+12,0.179574
94,940,5.24291e+12,0.00560995,6.51158e+12,0.176276
95,950,5.24291e+12,0.00458437,6.51158e+12,0.188699
96,960,5.24291e+12,0.00557407,6.51158e+12,0.197349
97,970,5.24291e+12,0.00594096,6.51158e+12,0.173345
98,980,5.24291e+12,0.00526555,6.51158e+12,0.162946
99,990,5.24291e+12,0.0052232,6.51158e+12,0.188584
100,1000,5.24291e+12,0.00672156,6.51158e+12,0.182535
