Gen,Fevals,gbest,Mean Vel.,Mean lbest,Avg. Dist.
1,10,2.66053e+09,0.196983,3.40523e+09,0.617788
2,20,2.50865e+09,0.480957,3.19684e+09,0.55897
3,30,2.50865e+09,0.290078,2.89942e+09,0.359191
4,40,2.50865e+09,0.0996197,2.76392e+09,0.305376
5,50,2.50865e+09,0.0515451,2.76392e+09,0.32744
6,60,2.36642e+09,0.0466901,2.71331e+09,0.316566
7,70,2.36642e+09,0.0149707,2.68421e+09,0.271928
8,80,2.36642e+09,0.0940527,2.6462e+09,0.251637
9,90,2.36642e+09,0.0266588,2.57645e+09,0.203107
10,100,2.36642e+09,0.046116,2.54852e+09,0.142365
11,110,2.36642e+09,0.0454792,2.54852e+09,0.123805
12,120,2.36642e+09,0.0499925,2.54305e+09,0.124521
13,130,2.36642e+09,0.0851747,2.53904e+09,0.114882
14,140,2.36642e+09,0.0407295,2.52403e+09,0.137763
15,150,2.36642e+09,0.074885,2.52403e+09,0.127634
16,160,2.36642e+09,0.0495622,2.5121e+09,0.10057
17,170,2.36642e+09,0.0147458,2.5121e+09,0.122664
18,180,2.36642e+09,0.0662009,2.5037e+09,0.0969641
19,190,2.36642e+09,0.0369769,2.50341e+09,0.0952107
20,200,2.36642e+09,0.0251815,2.50341e+09,0.0940755
21,210,2.36642e+09,0.0417897,2.50341e+09,0.112721
22,220,2.36642e+09,0.00597788,2.49838e+09,0.0980833
23,230,2.36642e+09,0.0220014,2.49838e+09,0.0891931
24,240,2.36642e+09,0.0435258,2.49838e+09,0.0975105
25,250,2.36311e+09,0.0266042,2.49319e+09,0.121884
26,260,2.36311e+09,0.0432327,2.49319e+09,0.0963849
27,270,2.36311e+09,0.0859875,2.49319e+09,0.0988521
28,280,2.36311e+09,0.0511468,2.47259e+09,0.0997635
29,290,2.36311e+09,0.0510759,2.45802e+09,0.0800775
30,300,2.36311e+09,0.0380117,2.45802e+09,0.110561
31,310,2.18405e+09,0.0342512,2.43493e+09,0.0847749
32,320,2.18405e+09,0.0391554,2.43493e+09,0.0772422
33,330,2.18405e+09,0.038289,2.43493e+09,0.103562
34,340,2.18405e+09,0.022989,2.43493e+09,0.120995
35,350,2.18405e+09,0.0129618,2.43493e+09,0.0721124
36,360,2.18405e+09,0.0169421,2.43493e+09,0.0605782
37,370,2.18405e+09,0.0117218,2.43493e+09,0.0734189
38,380,2.18405e+09,0.0149853,2.43493e+09,0.106743
39,390,2.18405e+09,0.028653,2.43493e+09,0.0771577
40,400,2.18405e+09,0.0256918,2.43188e+09,0.0691359
41,410,2.18405e+09,0.0262884,2.42729e+09,0.0773477
42,420,2.18405e+09,0.0656499,2.41922e+09,0.104596
43,430,2.18405e+09,0.0227828,2.41922e+09,0.10456
44,440,2.18405e+09,0.0203725,2.41922e+09,0.0542619
45,450,2.18405e+09,0.0175228,2.41922e+09,0.062259
46,460,2.18405e+09,0.00846456,2.41922e+09,0.0778817
47,470,2.18405e+09,0.0431744,2.41922e+09,0.112468
48,480,2.18405e+09,0.0185636,2.41922e+09,0.103101
49,490,2.18405e+09,0.0173605,2.41922e+09,0.0910942
50,500,2.18405e+09,0.0523855,2.41641e+09,0.0633001
51,510,2.18405e+09,0.0392823,2.4133e+09,0.115442
52,520,2.09341e+09,0.0466983,2.40424e+09,0.0983547
53,530,2.09341e+09,0.0466213,2.40424e+09,0.0801382
54,540,2.09341e+09,0.0296383,2.39372e+09,0.0603289
55,550,2.09341e+09,0.0153279,2.39372e+09,0.0918923
56,560,2.09341e+09,0.0805836,2.39372e+09,0.0793185
57,570,2.09341e+09,0.0191621,2.39372e+09,0.0963488
58,580,2.09341e+09,0.070478,2.39372e+09,0.10398
59,590,2.09341e+09,0.0567981,2.39372e+09,0.116658
60,600,2.09341e+09,0.0555477,2.39372e+09,0.0675562
61,610,2.09341e+09,0.0477117,2.39372e+09,0.0930289
62,620,2.09341e+09,0.0364037,2.39372e+09,0.0654791
63,630,2.09341e+09,0.0502387,2.39372e+09,0.125888
64,640,2.09341e+09,0.0176426,2.39372e+09,0.0788876
65,650,2.09341e+09,0.0347351,2.39372e+09,0.0883065
66,660,2.09341e+09,0.0212162,2.39372e+09,0.0606868
67,670,2.09341e+09,0.0235958,2.38905e+09,0.0830951
68,680,2.09341e+09,0.0118003,2.38905e+09,0.075831
69,690,2.09341e+09,0.0173038,2.38905e+09,0.0520426
70,700,2.09341e+09,0.0148452,2.3859e+09,0.0527733
71,710,2.09341e+09,0.017587,2.3859e+09,0.0584932
72,720,2.09341e+09,0.0150516,2.3859e+09,0.0577689
73,730,2.09341e+09,0.0226585,2.3859e+09,0.0494835
74,740,2.09341e+09,0.0132037,2.3859e+09,0.0555561
75,750,2.09341e+09,0.044161,2.3859e+09,0.0820432
76,760,2.09341e+09,0.0199918,2.3859e+09,0.0834751
77,770,2.09341e+09,0.0416591,2.3859e+09,0.0755582
78,780,2.09341e+09,0.0453417,2.3859e+09,0.075577
79,790,2.09341e+09,0.0212518,2.38301e+09,0.0586204
80,800,2.09341e+09,0.0901682,2.38147e+09,0.0839463
81,810,2.09341e+09,0.045286,2.38147e+09,0.086657
82,820,2.09341e+09,0.0645562,2.37178e+09,0.0509748
83,830,2.09341e+09,0.0160399,2.37178e+09,0.048058
84,840,2.09341e+09,0.0328121,2.37178e+09,0.0597925
85,850,2.09341e+09,0.0593276,2.37178e+09,0.0795569
86,860,2.09341e+09,0.0302199,2.37178e+09,0.0585969
87,870,2.09341e+09,0.0576349,2.37125e+09,0.0470328
88,880,2.09341e+09,0.009994,2.36824e+09,0.0540622
89,890,2.09341e+09,0.0833806,2.365e+09,0.0785663
90,900,2.09341e+09,0.0273588,2.36139e+09,0.0698012
91,910,2.09341e+09,0.0468662,2.35913e+09,0.0513713
92,920,2.09341e+09,0.0609592,2.35913e+09,0.0434757
93,930,2.09341e+09,0.0462598,2.35913e+09,0.0666594
94,940,2.09341e+09,0.0363088,2.35913e+09,0.0664842
95,950,2.09341e+09,0.0229165,2.35913e+09,0.0765598
96,960,2.09341e+09,0.0481342,2.35913e+09,0.0295305
97,970,2.09341e+09,0.0229619,2.35913e+09,0.0532248
98,980,2.09341e+09,0.0306758,2.35913e+09,0.0414855
99,990,2.09341e+09,0.0202055,2.35913e+09,0.0593854
100,1000,2.09341e+09,0.0271637,2.35913e+09,0.0503369
101,1010,2.09341e+09,0.0335663,2.35913e+09,0.0428424
102,1020,2.09341e+09,0.0113463,2.3559e+09,0.0328804
103,1030,2.09341e+09,0.0133786,2.3559e+09,0.0370866
104,1040,2.09341e+09,0.0240617,2.34267e+09,0.0415228
105,1050,2.09341e+09,0.0245215,2.34267e+09,0.0443987
106,1060,2.09341e+09,0.0161302,2.34267e+09,0.0382319
107,1070,2.09341e+09,0.0237739,2.34267e+09,0.0387307
108,1080,2.09341e+09,0.0193164,2.34267e+09,0.0426882
109,1090,2.09341e+09,0.0118401,2.34267e+09,0.0459574
110,1100,2.09341e+09,0.0174459,2.34267e+09,0.0425029
111,1110,2.09341e+09,0.0192222,2.34267e+09,0.0356564
112,1120,2.09341e+09,0.0214654,2.34267e+09,0.0528536
113,1130,2.09341e+09,0.0262494,2.34267e+09,0.045866
114,1140,2.09341e+09,0.0376362,2.34267e+09,0.0430027
115,1150,2.09341e+09,0.0288971,2.34267e+09,0.0364325
116,1160,2.09341e+09,0.0458226,2.34267e+09,0.0584955
117,1170,2.09341e+09,0.0319738,2.34267e+09,0.0445298
118,1180,2.09341e+09,0.0195615,2.34267e+09,0.043954
119,1190,2.09341e+09,0.0143839,2.34267e+09,0.0361956
120,1200,2.09341e+09,0.0302566,2.34267e+09,0.0478672
121,1210,2.09341e+09,0.0217583,2.34267e+09,0.0450109
122,1220,2.09341e+09,0.0213585,2.34267e+09,0.0319232
123,1230,2.09341e+09,0.0180587,2.34267e+09,0.0389407
124,1240,2.09341e+09,0.011548,2.34267e+09,0.0349386
125,1250,2.09341e+09,0.0202159,2.34267e+09,0.0384265
126,1260,2.09341e+09,0.00918463,2.34267e+09,0.0393416
127,1270,2.09341e+09,0.0222494,2.33798e+09,0.044064
128,1280,2.09341e+09,0.0181107,2.33798e+09,0.0388913
129,1290,2.09341e+09,0.0170928,2.33798e+09,0.0448035
130,1300,2.09341e+09,0.0277903,2.33798e+09,0.046749
131,1310,2.09341e+09,0.0129931,2.33798e+09,0.0498445
132,1320,2.09341e+09,0.0220082,2.33798e+09,0.0446478
133,1330,2.09341e+09,0.0226489,2.33798e+09,0.0400162
134,1340,2.09341e+09,0.0227158,2.33798e+09,0.0377541
135,1350,2.09341e+09,0.0186114,2.33798e+09,0.0505895
136,1360,2.09341e+09,0.020553,2.33798e+09,0.0285579
137,1370,2.09341e+09,0.0144565,2.33798e+09,0.0298685
138,1380,2.09341e+09,0.0184382,2.33798e+09,0.0309939
139,1390,2.09341e+09,0.0167521,2.33798e+09,0.0489972
140,1400,2.09341e+09,0.0137067,2.33798e+09,0.0422176
141,1410,2.09341e+09,0.0164938,2.33798e+09,0.027369
142,1420,2.09341e+09,0.0133521,2.33798e+09,0.027646
143,1430,2.09341e+09,0.0098289,2.33798e+09,0.0356403
144,1440,2.09341e+09,0.00736025,2.33798e+09,0.0332213
145,1450,2.09341e+09,0.0128555,2.33415e+09,0.0320853
146,1460,2.09341e+09,0.0144117,2.33415e+09,0.0434185
147,1470,2.09341e+09,0.0140741,2.33415e+09,0.0342124
148,1480,2.09341e+09,0.00631486,2.33415e+09,0.0410523
149,1490,2.09341e+09,0.00656759,2.33415e+09,0.0383756
150,1500,2.09341e+09,0.0113358,2.33415e+09,0.0290112
151,1510,2.09341e+09,0.0118952,2.33415e+09,0.0474986
152,1520,2.09341e+09,0.0187118,2.33415e+09,0.0366867
153,1530,2.09341e+09,0.0151468,2.33415e+09,0.0445998
154,1540,2.09341e+09,0.0181228,2.33415e+09,0.0549293
155,1550,2.09341e+09,0.0229559,2.33014e+09,0.0445031
156,1560,2.09341e+09,0.0139117,2.33014e+09,0.0482388
157,1570,2.09341e+09,0.0174851,2.33014e+09,0.0453849
158,1580,2.09341e+09,0.0127835,2.33014e+09,0.0613735
159,1590,2.09341e+09,0.0235771,2.33014e+09,0.0507488
160,1600,2.09341e+09,0.0139888,2.33014e+09,0.0486156
161,1610,2.09341e+09,0.0363732,2.33014e+09,0.05734
162,1620,2.09341e+09,0.0246646,2.33014e+09,0.0795797
163,1630,2.09341e+09,0.0105993,2.33014e+09,0.0714086
164,1640,2.09341e+09,0.0144575,2.32771e+09,0.0609405
165,1650,2.09341e+09,0.0530411,2.32771e+09,0.058293
166,1660,2.09341e+09,0.0331199,2.32771e+09,0.0237916
167,1670,2.09341e+09,0.0349604,2.32771e+09,0.0484711
168,1680,2.09341e+09,0.0284935,2.32771e+09,0.0453191
169,1690,2.09341e+09,0.0199928,2.32771e+09,0.043071
170,1700,2.09341e+09,0.0207637,2.32771e+09,0.0528949
171,1710,2.09341e+09,0.00920659,2.32771e+09,0.0481498
172,1720,2.09341e+09,0.0608842,2.32771e+09,0.0465793
173,1730,2.09341e+09,0.0220115,2.32771e+09,0.0523504
174,1740,2.09341e+09,0.047462,2.32771e+09,0.0548245
175,1750,2.09341e+09,0.0245334,2.32771e+09,0.0481684
176,1760,2.09341e+09,0.0240626,2.32073e+09,0.038754
177,1770,2.09341e+09,0.0199195,2.32073e+09,0.0506629
178,1780,2.09341e+09,0.0292945,2.32073e+09,0.0519845
179,1790,2.09341e+09,0.00771743,2.32073e+09,0.0448615
180,1800,2.09341e+09,0.0255641,2.32073e+09,0.053154
181,1810,2.09341e+09,0.00990153,2.32073e+09,0.0444613
182,1820,2.09341e+09,0.0242177,2.32073e+09,0.0417458
183,1830,2.09341e+09,0.0164555,2.32073e+09,0.0403898
184,1840,2.09341e+09,0.0337923,2.32073e+09,0.0368901
185,1850,2.09341e+09,0.0252894,2.32073e+09,0.0428984
186,1860,2.09341e+09,0.0528211,2.32073e+09,0.0336495
187,1870,2.09341e+09,0.0364371,2.32073e+09,0.0445434
188,1880,2.09341e+09,0.0411325,2.32073e+09,0.0515395
189,1890,2.09341e+09,0.040559,2.32073e+09,0.0407895
190,1900,2.09341e+09,0.0352983,2.31437e+09,0.0467455
191,1910,2.09341e+09,0.0143228,2.31437e+09,0.0565198
192,1920,2.09341e+09,0.0210182,2.31437e+09,0.0368343
193,1930,2.09341e+09,0.0158793,2.31437e+09,0.0396826
194,1940,2.09341e+09,0.00876582,2.31437e+09,0.0440085
195,1950,2.09341e+09,0.035561,2.31437e+09,0.038521
196,1960,2.09341e+09,0.00517607,2.31437e+09,0.0565932
197,1970,2.09341e+09,0.0264248,2.31437e+09,0.0513974
198,1980,2.09341e+09,0.0310122,2.31437e+09,0.0376598
199,1990,2.09341e+09,0.037893,2.31437e+09,0.0469621
200,2000,2.09341e+09,0.01895,2.31437e+09,0.0224775
201,2010,2.09341e+09,0.0192274,2.31437e+09,0.0373731
202,2020,2.09341e+09,0.0178245,2.31437e+09,0.0361178
203,2030,2.09341e+09,0.0282848,2.31437e+09,0.04375
204,2040,2.09341e+09,0.02585,2.31437e+09,0.0395068
205,2050,2.09341e+09,0.01837,2.31437e+09,0.0354374
206,2060,2.09341e+09,0.0217761,2.31437e+09,0.033128
207,2070,2.09341e+09,0.0217174,2.31437e+09,0.0285986
208,2080,2.09341e+09,0.0215837,2.31437e+09,0.0475078
209,2090,2.09341e+09,0.0137427,2.31437e+09,0.0324471
210,2100,2.09341e+09,0.040017,2.31437e+09,0.0287251
211,2110,2.09341e+09,0.0192139,2.31437e+09,0.045657
212,2120,2.09341e+09,0.0235933,2.31437e+09,0.0440735
213,2130,2.09341e+09,0.0272953,2.31437e+09,0.0347269
214,2140,2.09341e+09,0.0225035,2.31437e+09,0.0397823
215,2150,2.09341e+09,0.0212531,2.31437e+09,0.0259045
216,2160,2.09341e+09,0.00610737,2.31437e+09,0.035729
217,2170,2.09341e+09,0.00760256,2.31437e+09,0.0436288
218,2180,2.09341e+09,0.00872696,2.31437e+09,0.0266488
219,2190,2.09341e+09,0.00822668,2.31437e+09,0.0226756
220,2200,2.09341e+09,0.00716578,2.31437e+09,0.0281218
221,2210,2.09341e+09,0.00867535,2.31437e+09,0.024838
222,2220,2.09341e+09,0.0088822,2.31437e+09,0.0313036
223,2230,2.09341e+09,0.0133593,2.31437e+09,0.0253223
224,2240,2.09341e+09,0.00676934,2.31437e+09,0.0274314
225,2250,2.09341e+09,0.0169545,2.31437e+09,0.0341362
226,2260,2.09341e+09,0.0251781,2.31437e+09,0.0375691
227,2270,2.09341e+09,0.0183698,2.31437e+09,0.0380773
228,2280,2.09341e+09,0.0179559,2.31437e+09,0.047905
229,2290,2.09341e+09,0.0166994,2.31437e+09,0.0673317
230,2300,2.09341e+09,0.0186787,2.31437e+09,0.0642451
231,2310,2.09341e+09,0.0149039,2.31437e+09,0.037016
232,2320,2.09341e+09,0.0178917,2.31437e+09,0.0533283
233,2330,2.09341e+09,0.0143904,2.31437e+09,0.0492331
234,2340,2.09341e+09,0.00942599,2.31437e+09,0.0388349
235,2350,2.09341e+09,0.0104636,2.31437e+09,0.037046
236,2360,2.09341e+09,0.0170989,2.31437e+09,0.0543602
237,2370,2.09341e+09,0.0227906,2.31437e+09,0.0519742
238,2380,2.09341e+09,0.0164222,2.31437e+09,0.0528958
239,2390,2.09341e+09,0.0108085,2.31437e+09,0.0479048
240,2400,2.09341e+09,0.0187713,2.31437e+09,0.042839
241,2410,2.09341e+09,0.014171,2.31437e+09,0.0532781
242,2420,2.09341e+09,0.0149323,2.31437e+09,0.0586638
243,2430,2.09341e+09,0.0157064,2.31437e+09,0.0446809
244,2440,2.09341e+09,0.0213089,2.30366e+09,0.0522949
245,2450,2.09341e+09,0.0217445,2.30366e+09,0.0359079
246,2460,2.09341e+09,0.00652511,2.30366e+09,0.0356065
247,2470,2.09341e+09,0.0213907,2.30366e+09,0.0341105
248,2480,2.09341e+09,0.0173472,2.30366e+09,0.0404389
249,2490,2.09341e+09,0.0106752,2.30366e+09,0.0423973
250,2500,2.09341e+09,0.0143173,2.30366e+09,0.0306697
251,2510,2.09341e+09,0.0271089,2.29842e+09,0.0445501
252,2520,2.09341e+09,0.00439633,2.29842e+09,0.0430809
253,2530,2.09341e+09,0.0443085,2.29842e+09,0.0411082
254,2540,2.09341e+09,0.0283073,2.29842e+09,0.0394322
255,2550,2.09341e+09,0.00595062,2.29842e+09,0.0364985
256,2560,2.09341e+09,0.0279226,2.29842e+09,0.0353182
257,2570,2.09341e+09,0.0110099,2.29842e+09,0.0376146
258,2580,2.09341e+09,0.0324149,2.29842e+09,0.0448571
259,2590,2.09341e+09,0.0106622,2.29842e+09,0.0469442
260,2600,2.09341e+09,0.00830659,2.29842e+09,0.0425515
261,2610,2.09341e+09,0.009038,2.29842e+09,0.0338717
262,2620,2.09341e+09,0.0086657,2.29842e+09,0.032135
263,2630,2.09341e+09,0.00608902,2.29842e+09,0.0386978
264,2640,2.09341e+09,0.0115466,2.29842e+09,0.0401783
265,2650,2.09341e+09,0.013419,2.29842e+09,0.0389375
266,2660,2.09341e+09,0.00895197,2.29842e+09,0.027388
267,2670,2.09341e+09,0.0217988,2.29842e+09,0.0365977
268,2680,2.09341e+09,0.00998309,2.29842e+09,0.0427725
269,2690,2.09341e+09,0.0203578,2.29842e+09,0.0462351
270,2700,2.09341e+09,0.00257664,2.29842e+09,0.0504321
271,2710,2.09341e+09,0.0394284,2.29842e+09,0.0499601
272,2720,2.09341e+09,0.00975159,2.29842e+09,0.0432629
273,2730,2.09341e+09,0.0172007,2.29842e+09,0.0508152
274,2740,2.09341e+09,0.00225317,2.29842e+09,0.0518642
275,2750,2.09341e+09,0.0286696,2.29842e+09,0.0491381
276,2760,2.09341e+09,0.00481495,2.29842e+09,0.0568802
277,2770,2.09341e+09,0.0229322,2.29842e+09,0.0340712
278,2780,2.09341e+09,0.0084937,2.29842e+09,0.0458028
279,2790,2.09341e+09,0.0126905,2.29842e+09,0.0442797
280,2800,2.09341e+09,0.00400056,2.29363e+09,0.0523054
281,2810,2.09341e+09,0.00635953,2.29363e+09,0.0347511
282,2820,2.09341e+09,0.00504157,2.29363e+09,0.046341
283,2830,2.09341e+09,0.00697278,2.29363e+09,0.028523
284,2840,2.09341e+09,0.00612059,2.29363e+09,0.055893
285,2850,2.09341e+09,0.00921332,2.29363e+09,0.0315222
286,2860,2.09341e+09,0.0174106,2.29363e+09,0.0300909
287,2870,2.09341e+09,0.00774837,2.29363e+09,0.0378915
288,2880,2.09341e+09,0.015912,2.29363e+09,0.0390043
289,2890,2.09341e+09,0.0134387,2.29363e+09,0.0419893
290,2900,2.09341e+09,0.00786703,2.29363e+09,0.043612
291,2910,2.09341e+09,0.0102919,2.29363e+09,0.0337682
292,2920,2.09341e+09,0.00942365,2.29363e+09,0.0468578
293,2930,2.09341e+09,0.0118651,2.29363e+09,0.0501925
294,2940,2.09341e+09,0.00259884,2.29363e+09,0.0422176
295,2950,2.09341e+09,0.0131894,2.29363e+09,0.0291906
296,2960,2.09341e+09,0.00912346,2.29024e+09,0.0409173
297,2970,2.09341e+09,0.00939986,2.29024e+09,0.0236268
298,2980,2.09341e+09,0.00214937,2.29024e+09,0.0409107
299,2990,2.09341e+09,0.0372071,2.29024e+09,0.0295611
300,3000,2.09341e+09,0.0102259,2.29024e+09,0.0261522
301,3010,2.09341e+09,0.0149718,2.29024e+09,0.0233189
302,3020,2.09341e+09,0.00421038,2.29024e+09,0.0295062
303,3030,2.09341e+09,0.00940991,2.29024e+09,0.0267042
304,3040,2.09341e+09,0.00316141,2.29024e+09,0.0232213
305,3050,2.09341e+09,0.00377466,2.29024e+09,0.0289652
306,3060,2.09341e+09,0.0058563,2.29024e+09,0.0290475
307,3070,2.09341e+09,0.00568159,2.29024e+09,0.0262919
308,3080,2.09341e+09,0.0047116,2.29024e+09,0.0206466
309,3090,2.09341e+09,0.00274937,2.29024e+09,0.0256844
310,3100,2.09341e+09,0.0079319,2.29024e+09,0.0271351
311,3110,2.09341e+09,0.0116117,2.29024e+09,0.0344769
312,3120,2.09341e+09,0.00685747,2.29024e+09,0.0333308
313,3130,2.09341e+09,0.0122656,2.29024e+09,0.0262354
314,3140,2.09341e+09,0.00967916,2.29024e+09,0.0220373
315,3150,2.09341e+09,0.0107123,2.29024e+09,0.0302203
316,3160,2.09341e+09,0.0160249,2.29024e+09,0.0281844
317,3170,2.09341e+09,0.00605242,2.29024e+09,0.0292144
318,3180,2.09341e+09,0.00738136,2.29024e+09,0.0282535
319,3190,2.09341e+09,0.00866092,2.29024e+09,0.0293261
320,3200,2.09341e+09,0.0101919,2.29024e+09,0.0303572
321,3210,2.09341e+09,0.0129848,2.29024e+09,0.0245794
322,3220,2.09341e+09,0.00889565,2.29024e+09,0.0235689
323,3230,2.09341e+09,0.00678606,2.29024e+09,0.0294869
324,3240,2.09341e+09,0.00684029,2.29024e+09,0.0330283
325,3250,2.09341e+09,0.0203146,2.29024e+09,0.0231255
326,3260,2.09341e+09,0.00182014,2.29024e+09,0.0224561
327,3270,2.09341e+09,0.00709474,2.29024e+09,0.0219323
328,3280,2.09341e+09,0.00694753,2.29024e+09,0.0317815
329,3290,2.09341e+09,0.0100705,2.29024e+09,0.0315284
330,3300,2.09341e+09,0.0174559,2.29024e+09,0.0263799
331,3310,2.09341e+09,0.00946349,2.29024e+09,0.0288802
332,3320,2.09341e+09,0.0311352,2.29024e+09,0.0321447
333,3330,2.09341e+09,0.0232549,2.29024e+09,0.0287557
334,3340,2.09341e+09,0.0171172,2.29024e+09,0.0249291
335,3350,2.09341e+09,0.0100221,2.29024e+09,0.0297802
336,3360,2.09341e+09,0.0276248,2.29024e+09,0.0236154
337,3370,2.09341e+09,0.00763266,2.29024e+09,0.0383535
338,3380,2.09341e+09,0.0216187,2.29024e+09,0.0321925
339,3390,2.09341e+09,0.00896125,2.29024e+09,0.0335427
340,3400,2.09341e+09,0.0120584,2.29024e+09,0.024478
341,3410,2.09341e+09,0.00715946,2.29024e+09,0.0244505
342,3420,2.09341e+09,0.0134951,2.29024e+09,0.0328849
343,3430,2.09341e+09,0.00625573,2.29024e+09,0.0401779
344,3440,2.09341e+09,0.0113108,2.29024e+09,0.0345298
345,3450,2.09341e+09,0.0214925,2.29024e+09,0.0324134
346,3460,2.09341e+09,0.0178704,2.29024e+09,0.0234879
347,3470,2.09341e+09,0.013617,2.29024e+09,0.0410409
348,3480,2.09341e+09,0.0143145,2.29024e+09,0.046228
349,3490,2.09341e+09,0.0203164,2.29024e+09,0.0213573
350,3500,2.09341e+09,0.0129147,2.29024e+09,0.0361177
351,3510,2.09341e+09,0.0329074,2.29024e+09,0.0336077
352,3520,2.09341e+09,0.00403428,2.29024e+09,0.0329494
353,3530,2.09341e+09,0.021149,2.29024e+09,0.031759
354,3540,2.09341e+09,0.0131152,2.29024e+09,0.0394637
355,3550,2.09341e+09,0.0236404,2.29024e+09,0.0243501
356,3560,2.09341e+09,0.0168149,2.29024e+09,0.0311373
357,3570,2.09341e+09,0.00541067,2.29024e+09,0.0321454
358,3580,2.09341e+09,0.00478789,2.29024e+09,0.0371842
359,3590,2.09341e+09,0.040804,2.29024e+09,0.0306439
360,3600,2.09341e+09,0.0269656,2.29024e+09,0.050127
361,3610,2.09341e+09,0.0521318,2.29024e+09,0.0233157
362,3620,2.09341e+09,0.00293191,2.27831e+09,0.0354861
363,3630,2.09341e+09,0.0339574,2.27831e+09,0.0369303
364,3640,2.09341e+09,0.0107885,2.27831e+09,0.0418687
365,3650,2.09341e+09,0.0182659,2.27831e+09,0.0327135
366,3660,2.09341e+09,0.00737898,2.27831e+09,0.0288472
367,3670,2.09341e+09,0.0140568,2.27831e+09,0.0398046
368,3680,2.09341e+09,0.0169728,2.27831e+09,0.0352206
369,3690,2.09341e+09,0.00750602,2.27831e+09,0.0381636
370,3700,2.09341e+09,0.00754771,2.27831e+09,0.0363995
371,3710,2.09341e+09,0.00896119,2.27831e+09,0.0376231
372,3720,2.09341e+09,0.0119947,2.27831e+09,0.0407561
373,3730,2.09341e+09,0.0248668,2.27831e+09,0.0317526
374,3740,2.09341e+09,0.0121921,2.27831e+09,0.0357131
375,3750,2.09341e+09,0.00680888,2.27831e+09,0.0391534
376,3760,2.09341e+09,0.021338,2.27831e+09,0.0489383
377,3770,2.09341e+09,0.00177205,2.27831e+09,0.0487543
378,3780,2.09341e+09,0.0235878,2.27831e+09,0.0328651
379,3790,2.09341e+09,0.00449039,2.27831e+09,0.0453655
380,3800,2.09341e+09,0.00738139,2.27831e+09,0.0421019
381,3810,2.09341e+09,0.00270144,2.27831e+09,0.0589047
382,3820,2.09341e+09,0.0316727,2.27831e+09,0.0488127
383,3830,2.09341e+09,0.00853141,2.27831e+09,0.0378937
384,3840,2.09341e+09,0.0132313,2.27831e+09,0.0334954
385,3850,2.09341e+09,0.015026,2.27831e+09,0.0421342
386,3860,2.09341e+09,0.00262168,2.27831e+09,0.0484388
387,3870,2.09341e+09,0.0132199,2.27831e+09,0.0407612
388,3880,2.09341e+09,0.0304187,2.27831e+09,0.0374624
389,3890,2.09341e+09,0.0113589,2.27831e+09,0.0519627
390,3900,2.09341e+09,0.0306043,2.27831e+09,0.0425855
391,3910,2.09341e+09,0.00896446,2.27831e+09,0.0479489
392,3920,2.09341e+09,0.0156825,2.27831e+09,0.0471557
393,3930,2.09341e+09,0.00873335,2.27831e+09,0.0404525
394,3940,2.09341e+09,0.0142429,2.27831e+09,0.0423469
395,3950,2.09341e+09,0.0100856,2.27831e+09,0.0401179
396,3960,2.09341e+09,0.00377032,2.27831e+09,0.0547162
397,3970,2.09341e+09,0.0219547,2.27831e+09,0.0300754
398,3980,2.09341e+09,0.00699278,2.27831e+09,0.0428144
399,3990,2.09341e+09,0.00963046,2.27831e+09,0.0318699
400,4000,2.09341e+09,0.00987975,2.27831e+09,0.040641
401,4010,2.09341e+09,0.00484052,2.27831e+09,0.0332358
402,4020,2.09341e+09,0.00321617,2.27831e+09,0.0311262
403,4030,2.09341e+09,0.0124384,2.27831e+09,0.0291578
404,4040,2.09341e+09,0.0116729,2.27831e+09,0.0388383
405,4050,2.09341e+09,0.00613349,2.27831e+09,0.0376274
406,4060,2.09341e+09,0.0199478,2.27831e+09,0.0329027
407,4070,2.09341e+09,0.0218296,2.27831e+09,0.0247757
408,4080,2.09341e+09,0.00462023,2.27831e+09,0.0300823
409,4090,2.09341e+09,0.00649447,2.27831e+09,0.0439035
410,4100,2.09341e+09,0.0259952,2.27831e+09,0.0394926
411,4110,2.09341e+09,0.0105004,2.27831e+09,0.0299707
412,4120,2.09341e+09,0.0038618,2.27831e+09,0.0394294
413,4130,2.09341e+09,0.0196398,2.27831e+09,0.0513781
414,4140,2.09341e+09,0.0256093,2.27831e+09,0.0376809
415,4150,2.09341e+09,0.0141048,2.27831e+09,0.0280491
416,4160,2.09341e+09,0.00301449,2.27831e+09,0.0430786
417,4170,2.09341e+09,0.0391422,2.27831e+09,0.0342724
418,4180,2.09341e+09,0.0088458,2.27831e+09,0.0398057
419,4190,2.09341e+09,0.00353057,2.27831e+09,0.0361011
420,4200,2.09341e+09,0.00751894,2.27831e+09,0.0357599
421,4210,2.09341e+09,0.00599727,2.27831e+09,0.0395492
422,4220,2.09341e+09,0.0137923,2.27831e+09,0.0327956
423,4230,2.09341e+09,0.0129639,2.27831e+09,0.0270331
424,4240,2.09341e+09,0.0295814,2.27831e+09,0.0368555
425,4250,2.09341e+09,0.00323203,2.27831e+09,0.0441205
426,4260,2.09341e+09,0.0226953,2.27831e+09,0.0354606
427,4270,2.09341e+09,0.0184154,2.27831e+09,0.0354484
428,4280,2.09341e+09,0.00669295,2.27831e+09,0.0358462
429,4290,2.09341e+09,0.0186609,2.27831e+09,0.0454417
430,4300,2.09341e+09,0.0110585,2.27831e+09,0.0383571
431,4310,2.09341e+09,0.0264655,2.27831e+09,0.0447294
432,4320,2.09341e+09,0.00659058,2.27831e+09,0.0281966
433,4330,2.09341e+09,0.00900773,2.27831e+09,0.0413442
434,4340,2.09341e+09,0.022636,2.27831e+09,0.0516667
435,4350,2.09341e+09,0.0141552,2.27831e+09,0.0433143
436,4360,2.09341e+09,0.00716749,2.27831e+09,0.0415203
437,4370,2.09341e+09,0.042983,2.27831e+09,0.039072
438,4380,2.09341e+09,0.0153135,2.27831e+09,0.0533544
439,4390,2.09341e+09,0.0196141,2.27831e+09,0.0357166
440,4400,2.09341e+09,0.0295199,2.27831e+09,0.0482292
441,4410,2.09341e+09,0.00395543,2.27831e+09,0.0276369
442,4420,2.09341e+09,0.027822,2.27831e+09,0.046006
443,4430,2.09341e+09,0.0097658,2.27831e+09,0.0321486
444,4440,2.09341e+09,0.0172765,2.27831e+09,0.0375191
445,4450,2.09341e+09,0.00496083,2.27831e+09,0.0389213
446,4460,2.09341e+09,0.00865387,2.27831e+09,0.0369527
447,4470,2.09341e+09,0.00928195,2.27831e+09,0.0329929
448,4480,2.09341e+09,0.0158735,2.27831e+09,0.0375163
449,4490,2.09341e+09,0.0121828,2.27831e+09,0.0387587
450,4500,2.09341e+09,0.00921528,2.27831e+09,0.0375076
451,4510,2.09341e+09,0.00566927,2.27831e+09,0.0502914
452,4520,2.09341e+09,0.0358489,2.27831e+09,0.0335361
453,4530,2.09341e+09,0.00590733,2.27742e+09,0.0411613
454,4540,2.09341e+09,0.0165241,2.27742e+09,0.0518239
455,4550,2.09341e+09,0.0348714,2.27742e+09,0.0369397
456,4560,2.09341e+09,0.0334332,2.27742e+09,0.0424043
457,4570,2.09341e+09,0.0123371,2.27742e+09,0.0470789
458,4580,2.09341e+09,0.0297525,2.27742e+09,0.0283063
459,4590,2.09341e+09,0.0180951,2.27742e+09,0.0381993
460,4600,2.09341e+09,0.0212357,2.27742e+09,0.0478094
461,4610,2.09341e+09,0.0296276,2.27742e+09,0.0350313
462,4620,2.09341e+09,0.0171758,2.27742e+09,0.0414268
463,4630,2.09341e+09,0.0128234,2.27742e+09,0.0352941
464,4640,2.09341e+09,0.0182502,2.27742e+09,0.0471095
465,4650,2.09341e+09,0.00172614,2.27742e+09,0.0322056
466,4660,2.09341e+09,0.0326759,2.27742e+09,0.0367763
467,4670,2.09341e+09,0.00707613,2.27742e+09,0.0294595
468,4680,2.09341e+09,0.00777611,2.27742e+09,0.0348344
469,4690,2.09341e+09,0.00730851,2.27742e+09,0.0407047
470,4700,2.09341e+09,0.0121045,2.27742e+09,0.0333444
471,4710,2.09341e+09,0.00693939,2.27742e+09,0.0259099
472,4720,2.09341e+09,0.0162894,2.27742e+09,0.028072
473,4730,2.09341e+09,0.0116321,2.27742e+09,0.0379078
474,4740,2.09341e+09,0.0134558,2.27742e+09,0.0435734
475,4750,2.09341e+09,0.0135102,2.27742e+09,0.0467837
476,4760,2.09341e+09,0.0262616,2.27742e+09,0.0283324
477,4770,2.09341e+09,0.0210056,2.27742e+09,0.0333148
478,4780,2.09341e+09,0.00141396,2.27742e+09,0.031673
479,4790,2.09341e+09,0.022574,2.27742e+09,0.0245704
480,4800,2.09341e+09,0.00923857,2.27742e+09,0.022232
481,4810,2.09341e+09,0.0037179,2.27742e+09,0.0382963
482,4820,2.09341e+09,0.0186193,2.27742e+09,0.042209
483,4830,2.09341e+09,0.0197943,2.27742e+09,0.0367085
484,4840,2.09341e+09,0.0272466,2.27742e+09,0.0313408
485,4850,2.09341e+09,0.00570552,2.27742e+09,0.0443782
486,4860,2.09341e+09,0.0275899,2.27742e+09,0.0350981
487,4870,2.09341e+09,0.00898306,2.27742e+09,0.0504543
488,4880,2.09341e+09,0.00435107,2.27742e+09,0.0489056
489,4890,2.09341e+09,0.0264459,2.27742e+09,0.0326214
490,4900,2.09341e+09,0.00922265,2.27742e+09,0.0375467
491,4910,2.09341e+09,0.0205423,2.27742e+09,0.049464
492,4920,2.09341e+09,0.00950835,2.27742e+09,0.0468957
493,4930,2.09341e+09,0.0202977,2.27742e+09,0.033074
494,4940,2.09341e+09,0.0124186,2.27742e+09,0.0446832
495,4950,2.09341e+09,0.00609067,2.27742e+09,0.0472307
496,4960,2.09341e+09,0.0154021,2.27742e+09,0.0404496
497,4970,2.09341e+09,0.0130542,2.27742e+09,0.0353353
498,4980,2.09341e+09,0.0234623,2.27742e+09,0.030427
499,4990,2.09341e+09,0.0120574,2.27742e+09,0.0445945
500,5000,2.09341e+09,0.0268401,2.27742e+09,0.0287484
501,5010,2.09341e+09,0.0140973,2.27588e+09,0.0363482
502,5020,2.09341e+09,0.00736558,2.27588e+09,0.0551121
503,5030,2.09341e+09,0.0136651,2.27588e+09,0.0399128
504,5040,2.09341e+09,0.0220847,2.27588e+09,0.0291216
505,5050,2.09341e+09,0.019728,2.27588e+09,0.0335399
506,5060,2.09341e+09,0.00748386,2.27588e+09,0.0312467
507,5070,2.09341e+09,0.00795521,2.27588e+09,0.0358037
508,5080,2.09341e+09,0.0238049,2.27588e+09,0.0342441
509,5090,2.09341e+09,0.00287952,2.27045e+09,0.0320389
510,5100,2.09341e+09,0.00836558,2.27045e+09,0.0237616
511,5110,2.09341e+09,0.00338923,2.27045e+09,0.0381789
512,5120,2.09341e+09,0.0150936,2.27045e+09,0.0378226
513,5130,2.09341e+09,0.020637,2.27045e+09,0.0218362
514,5140,2.09341e+09,0.00399225,2.27045e+09,0.0302578
515,5150,2.09341e+09,0.00289476,2.27045e+09,0.0464797
516,5160,2.09341e+09,0.0272828,2.27045e+09,0.0304649
517,5170,2.09341e+09,0.0111492,2.27045e+09,0.0305841
518,5180,2.09341e+09,0.00731911,2.27045e+09,0.0283335
519,5190,2.09341e+09,0.0102364,2.27045e+09,0.0388339
520,5200,2.09341e+09,0.015178,2.27045e+09,0.0371813
521,5210,2.09341e+09,0.00462324,2.27045e+09,0.0374164
522,5220,2.09341e+09,0.0365808,2.27045e+09,0.0324849
523,5230,2.09341e+09,0.018806,2.27045e+09,0.0260878
524,5240,2.09341e+09,0.00443148,2.27045e+09,0.043426
525,5250,2.09341e+09,0.0281864,2.27045e+09,0.0371253
526,5260,2.09341e+09,0.00505465,2.27045e+09,0.0358381
527,5270,2.09341e+09,0.0189847,2.27045e+09,0.0361906
528,5280,2.09341e+09,0.00516508,2.27045e+09,0.032202
529,5290,2.09341e+09,0.00523251,2.27045e+09,0.0375462
530,5300,2.09341e+09,0.0114644,2.26903e+09,0.027168
531,5310,2.09341e+09,0.0174434,2.26903e+09,0.0408495
532,5320,2.09341e+09,0.0151799,2.26903e+09,0.0349524
533,5330,2.09341e+09,0.00727832,2.26903e+09,0.0284753
534,5340,2.09341e+09,0.0230446,2.26903e+09,0.0284626
535,5350,2.09341e+09,0.00745065,2.26903e+09,0.0364621
536,5360,2.09341e+09,0.00311441,2.26903e+09,0.0417367
537,5370,2.09341e+09,0.0245803,2.26903e+09,0.0388245
538,5380,2.09341e+09,0.0102068,2.26903e+09,0.0257424
539,5390,2.09341e+09,0.0149093,2.26903e+09,0.0398099
540,5400,2.09341e+09,0.00588276,2.26903e+09,0.0399444
541,5410,2.09341e+09,0.0129058,2.25939e+09,0.0290223
542,5420,2.09341e+09,0.0233692,2.25939e+09,0.0320084
543,5430,2.09341e+09,0.00532665,2.25939e+09,0.0418916
544,5440,2.09341e+09,0.0387469,2.25939e+09,0.036554
545,5450,2.09341e+09,0.0150016,2.25939e+09,0.0478399
546,5460,2.09341e+09,0.0309511,2.25939e+09,0.0378305
547,5470,2.09341e+09,0.0116214,2.25442e+09,0.0340499
548,5480,2.09341e+09,0.0180721,2.24837e+09,0.0385023
549,5490,2.09341e+09,0.0118389,2.24837e+09,0.0340783
550,5500,2.09341e+09,0.00582945,2.24837e+09,0.034022
551,5510,2.09341e+09,0.0373886,2.24837e+09,0.0321055
552,5520,2.09341e+09,0.0272731,2.24837e+09,0.0427475
553,5530,2.09341e+09,0.0302491,2.24837e+09,0.0435894
554,5540,2.09341e+09,0.0092406,2.24837e+09,0.0408371
555,5550,2.09341e+09,0.032833,2.24837e+09,0.0307232
556,5560,2.09341e+09,0.019911,2.24837e+09,0.0439392
557,5570,2.09341e+09,0.0349898,2.24837e+09,0.031133
558,5580,2.09341e+09,0.0118587,2.24837e+09,0.0326898
559,5590,2.09341e+09,0.0308125,2.24837e+09,0.0523578
560,5600,2.09341e+09,0.0313916,2.24837e+09,0.0768001
561,5610,2.09341e+09,0.00777169,2.24837e+09,0.0405753
562,5620,2.09341e+09,0.0313143,2.24837e+09,0.0392326
563,5630,2.09341e+09,0.00732973,2.24837e+09,0.0266737
564,5640,2.09341e+09,0.00794965,2.24837e+09,0.0537157
565,5650,2.09341e+09,0.0241942,2.24837e+09,0.0424766
566,5660,2.09341e+09,0.0139564,2.24837e+09,0.0312883
567,5670,2.09341e+09,0.019469,2.24837e+09,0.035558
568,5680,2.09341e+09,0.0175121,2.24837e+09,0.03334
569,5690,2.09341e+09,0.0117894,2.24837e+09,0.043556
570,5700,2.09341e+09,0.0189803,2.24837e+09,0.0378758
571,5710,2.09341e+09,0.0140239,2.24837e+09,0.0394647
572,5720,2.09341e+09,0.00947319,2.24837e+09,0.0380847
573,5730,2.09341e+09,0.0147736,2.24837e+09,0.0371079
574,5740,2.09341e+09,0.0143989,2.24837e+09,0.0374157
575,5750,2.09341e+09,0.00795722,2.24837e+09,0.032536
576,5760,2.09341e+09,0.0233067,2.24837e+09,0.0359346
577,5770,2.09341e+09,0.011012,2.24837e+09,0.0427934
578,5780,2.09341e+09,0.0170226,2.24837e+09,0.0386845
579,5790,2.09341e+09,0.0110546,2.24837e+09,0.0220067
580,5800,2.09341e+09,0.0107517,2.24837e+09,0.0458883
581,5810,2.09341e+09,0.00548159,2.24837e+09,0.0262862
582,5820,2.09341e+09,0.011797,2.24837e+09,0.0304857
583,5830,2.09341e+09,0.0173911,2.24837e+09,0.0315698
584,5840,2.09341e+09,0.0128771,2.24837e+09,0.0647455
585,5850,2.09341e+09,0.0176348,2.24837e+09,0.0321815
586,5860,2.09341e+09,0.0123175,2.24837e+09,0.028455
587,5870,2.09341e+09,0.0115515,2.24837e+09,0.0373739
588,5880,2.09341e+09,0.0122041,2.24837e+09,0.0390857
589,5890,2.09341e+09,0.0182487,2.24837e+09,0.0514324
590,5900,2.09341e+09,0.013836,2.24837e+09,0.0433201
591,5910,2.09341e+09,0.0155118,2.24837e+09,0.0383822
592,5920,2.09341e+09,0.0351817,2.24837e+09,0.0435087
593,5930,2.09341e+09,0.0119004,2.24837e+09,0.07234
594,5940,2.09341e+09,0.0325422,2.24837e+09,0.0489647
595,5950,2.09341e+09,0.0320238,2.24837e+09,0.0349556
596,5960,2.09341e+09,0.0162483,2.24837e+09,0.0434375
597,5970,2.09341e+09,0.014391,2.24837e+09,0.0381989
598,5980,2.09341e+09,0.0108238,2.24837e+09,0.0302317
599,5990,2.09341e+09,0.00372662,2.24837e+09,0.0379266
600,6000,2.09341e+09,0.017066,2.24837e+09,0.0401797
601,6010,2.09341e+09,0.00587136,2.24837e+09,0.0243098
602,6020,2.09341e+09,0.00820628,2.24837e+09,0.0366988
603,6030,2.09341e+09,0.00513583,2.24837e+09,0.0361075
604,6040,2.09341e+09,0.00957351,2.24837e+09,0.0350803
605,6050,2.09341e+09,0.00796417,2.24837e+09,0.0299841
606,6060,2.09341e+09,0.00564658,2.24837e+09,0.0341852
607,6070,2.09341e+09,0.0183095,2.24837e+09,0.0296101
608,6080,2.09341e+09,0.00765785,2.24837e+09,0.0367006
609,6090,2.09341e+09,0.0119623,2.24837e+09,0.0342058
610,6100,2.09341e+09,0.015522,2.24837e+09,0.0320875
611,6110,2.09341e+09,0.00611375,2.24837e+09,0.0248668
612,6120,2.09341e+09,0.00740265,2.24837e+09,0.0336891
613,6130,2.09341e+09,0.00289985,2.24837e+09,0.0406238
614,6140,2.09341e+09,0.00594936,2.24837e+09,0.0299223
615,6150,2.09341e+09,0.0151153,2.24837e+09,0.0201026
616,6160,2.09341e+09,0.0105171,2.24837e+09,0.0359815
617,6170,2.09341e+09,0.0137306,2.24837e+09,0.0363987
618,6180,2.09341e+09,0.0160823,2.24837e+09,0.0250321
619,6190,2.09341e+09,0.00425795,2.24837e+09,0.0241975
620,6200,2.09341e+09,0.00467787,2.24837e+09,0.0298267
621,6210,2.09341e+09,0.0030099,2.24837e+09,0.0337949
622,6220,2.09341e+09,0.00917836,2.24837e+09,0.0276754
623,6230,2.09341e+09,0.0111703,2.24837e+09,0.0304225
624,6240,2.09341e+09,0.0135911,2.24837e+09,0.0395344
625,6250,2.09341e+09,0.00772852,2.24837e+09,0.0312878
626,6260,2.09341e+09,0.00493258,2.24837e+09,0.0389998
627,6270,2.09341e+09,0.00777036,2.2438e+09,0.0398277
628,6280,2.09341e+09,0.0263532,2.2438e+09,0.03015
629,6290,2.09341e+09,0.0066344,2.2438e+09,0.0252715
630,6300,2.09341e+09,0.00591854,2.2438e+09,0.0493256
631,6310,2.09341e+09,0.0110829,2.2438e+09,0.0471691
632,6320,2.09341e+09,0.0186873,2.2438e+09,0.0326159
633,6330,2.09341e+09,0.0141122,2.2438e+09,0.0289355
634,6340,2.09341e+09,0.00754513,2.2438e+09,0.0350803
635,6350,2.09341e+09,0.0158095,2.2438e+09,0.0417923
636,6360,2.09341e+09,0.00801812,2.2438e+09,0.0510047
637,6370,2.09341e+09,0.00622967,2.2438e+09,0.0547207
638,6380,2.09341e+09,0.0115362,2.2438e+09,0.0313354
639,6390,2.09341e+09,0.0152621,2.2438e+09,0.0317278
640,6400,2.09341e+09,0.00213737,2.2438e+09,0.0378814
641,6410,2.09341e+09,0.00801166,2.2438e+09,0.0372819
642,6420,2.09341e+09,0.0192147,2.2438e+09,0.0300345
643,6430,2.09341e+09,0.015095,2.2438e+09,0.0255615
644,6440,2.09341e+09,0.00363933,2.2438e+09,0.0433987
645,6450,2.09341e+09,0.0163029,2.2438e+09,0.0509624
646,6460,2.09341e+09,0.0132475,2.2438e+09,0.030357
647,6470,2.09341e+09,0.00168328,2.2438e+09,0.0265022
648,6480,2.09341e+09,0.00507439,2.2438e+09,0.0326706
649,6490,2.09341e+09,0.00496176,2.2438e+09,0.0465028
650,6500,2.09341e+09,0.0103712,2.2438e+09,0.0320833
651,6510,2.09341e+09,0.00814013,2.2438e+09,0.0266561
652,6520,2.09341e+09,0.00643728,2.2438e+09,0.0257607
653,6530,2.09341e+09,0.00519932,2.2438e+09,0.0473021
654,6540,2.09341e+09,0.00713845,2.2438e+09,0.0581502
655,6550,2.09341e+09,0.0132746,2.2438e+09,0.0345872
656,6560,2.09341e+09,0.00358463,2.2438e+09,0.0242911
657,6570,2.09341e+09,0.00529997,2.2438e+09,0.0409711
658,6580,2.09341e+09,0.0155798,2.2438e+09,0.0412982
659,6590,2.09341e+09,0.00317796,2.2438e+09,0.0345733
660,6600,2.09341e+09,0.0325265,2.2438e+09,0.0332442
661,6610,2.09341e+09,0.0106819,2.2438e+09,0.0323307
662,6620,2.09341e+09,0.0283898,2.2438e+09,0.0322026
663,6630,2.09341e+09,0.00992688,2.2438e+09,0.0293161
664,6640,2.09341e+09,0.0072402,2.23059e+09,0.0344421
665,6650,2.09341e+09,0.0264795,2.23059e+09,0.0412585
666,6660,2.09341e+09,0.0107254,2.23059e+09,0.0288569
667,6670,2.09341e+09,0.0164706,2.23059e+09,0.0233501
668,6680,2.09341e+09,0.00644214,2.23059e+09,0.0406327
669,6690,2.09341e+09,0.00698797,2.23059e+09,0.0476781
670,6700,2.09341e+09,0.0131417,2.23059e+09,0.0247149
671,6710,2.09341e+09,0.0110654,2.23059e+09,0.023896
672,6720,2.09341e+09,0.0127113,2.23059e+09,0.0291004
673,6730,2.09341e+09,0.00672027,2.23059e+09,0.0195246
674,6740,2.09341e+09,0.00184798,2.23059e+09,0.0356471
675,6750,2.09341e+09,0.0135055,2.23059e+09,0.0471454
676,6760,2.09341e+09,0.00525646,2.23059e+09,0.0380971
677,6770,2.09341e+09,0.015752,2.23059e+09,0.0221671
678,6780,2.09341e+09,0.011553,2.23059e+09,0.0234973
679,6790,2.09341e+09,0.0254692,2.23059e+09,0.0329778
680,6800,2.09341e+09,0.00759174,2.23059e+09,0.0431581
681,6810,2.09341e+09,0.0213125,2.23059e+09,0.0284612
682,6820,2.09341e+09,0.00640739,2.23059e+09,0.0289858
683,6830,2.09341e+09,0.00737943,2.23059e+09,0.0408574
684,6840,2.09341e+09,0.00596566,2.23059e+09,0.0316405
685,6850,2.09341e+09,0.011006,2.23059e+09,0.0316704
686,6860,2.09341e+09,0.0161103,2.23059e+09,0.0201679
687,6870,2.09341e+09,0.0051649,2.23059e+09,0.0317543
688,6880,2.09341e+09,0.00513351,2.23059e+09,0.0394037
689,6890,2.09341e+09,0.0251591,2.23059e+09,0.0270549
690,6900,2.09341e+09,0.00650539,2.23059e+09,0.0343725
691,6910,2.09341e+09,0.0147072,2.23059e+09,0.0414888
692,6920,2.09341e+09,0.00632471,2.23059e+09,0.0364286
693,6930,2.09341e+09,0.0296935,2.23059e+09,0.0195146
694,6940,2.09341e+09,0.00990062,2.23059e+09,0.0263394
695,6950,2.09341e+09,0.0069622,2.23059e+09,0.0323827
696,6960,2.09341e+09,0.0229145,2.23059e+09,0.0240552
697,6970,2.09341e+09,0.00747768,2.23059e+09,0.038475
698,6980,2.09341e+09,0.0198244,2.23059e+09,0.0387511
699,6990,2.09341e+09,0.00971617,2.23059e+09,0.0283687
700,7000,2.09341e+09,0.00837272,2.23059e+09,0.0224328
701,7010,2.09341e+09,0.0109647,2.23059e+09,0.0390392
702,7020,2.09341e+09,0.00815493,2.23059e+09,0.0414922
703,7030,2.09341e+09,0.0146222,2.23059e+09,0.0337683
704,7040,2.09341e+09,0.00958417,2.23059e+09,0.0284636
705,7050,2.09341e+09,0.025924,2.23059e+09,0.0317097
706,7060,2.09341e+09,0.0209698,2.23059e+09,0.0332317
707,7070,2.09341e+09,0.00771512,2.23059e+09,0.0377414
708,7080,2.09341e+09,0.0083722,2.23059e+09,0.0286607
709,7090,2.09341e+09,0.0219707,2.23059e+09,0.0386104
710,7100,2.09341e+09,0.0157434,2.22589e+09,0.0342839
711,7110,2.09341e+09,0.00982219,2.22589e+09,0.0141784
712,7120,2.09341e+09,0.0116121,2.22589e+09,0.0278121
713,7130,2.09341e+09,0.00521714,2.22589e+09,0.0409349
714,7140,2.09341e+09,0.00657307,2.22589e+09,0.0345357
715,7150,2.09341e+09,0.0108133,2.22589e+09,0.0249471
716,7160,2.09341e+09,0.0064947,2.22589e+09,0.0291135
717,7170,2.09341e+09,0.0171607,2.22589e+09,0.0411684
718,7180,2.09341e+09,0.00456829,2.22589e+09,0.0406069
719,7190,2.09341e+09,0.0111359,2.22589e+09,0.041932
720,7200,2.09341e+09,0.0360048,2.22589e+09,0.0207599
721,7210,2.09341e+09,0.00938142,2.22589e+09,0.0266367
722,7220,2.09341e+09,0.00807413,2.22589e+09,0.0333474
723,7230,2.09341e+09,0.0277149,2.22589e+09,0.0230135
724,7240,2.09341e+09,0.0211501,2.22589e+09,0.0354345
725,7250,2.09341e+09,0.0102936,2.22589e+09,0.0357084
726,7260,2.09341e+09,0.00491506,2.22589e+09,0.037019
727,7270,2.09341e+09,0.0129716,2.22589e+09,0.0364234
728,7280,2.09341e+09,0.00820848,2.22589e+09,0.0245908
729,7290,2.09341e+09,0.00785122,2.22589e+09,0.0253463
730,7300,2.09341e+09,0.00836171,2.22589e+09,0.0355415
731,7310,2.09341e+09,0.00542048,2.22589e+09,0.052186
732,7320,2.09341e+09,0.0157181,2.22589e+09,0.0461946
733,7330,2.09341e+09,0.0278614,2.22589e+09,0.0301401
734,7340,2.09341e+09,0.0147228,2.22589e+09,0.0261948
735,7350,2.09341e+09,0.0225694,2.22589e+09,0.039799
736,7360,2.09341e+09,0.0355342,2.22589e+09,0.0325791
737,7370,2.09341e+09,0.00672113,2.22589e+09,0.0296105
738,7380,2.09341e+09,0.0146207,2.22589e+09,0.023205
739,7390,2.09341e+09,0.0243261,2.22589e+09,0.0334537
740,7400,2.09341e+09,0.00923955,2.22589e+09,0.0353131
741,7410,2.09341e+09,0.0142789,2.22589e+09,0.0320747
742,7420,2.09341e+09,0.0213963,2.22589e+09,0.0239298
743,7430,2.09341e+09,0.00971354,2.22589e+09,0.0283122
744,7440,2.09341e+09,0.00733607,2.22589e+09,0.0467362
745,7450,2.09341e+09,0.0244008,2.22589e+09,0.0369271
746,7460,2.09341e+09,0.0250035,2.22589e+09,0.0277245
747,7470,2.09341e+09,0.00571842,2.22589e+09,0.032026
748,7480,2.09341e+09,0.0353985,2.22589e+09,0.0387163
749,7490,2.09341e+09,0.0233263,2.22589e+09,0.0283257
750,7500,2.09341e+09,0.0171996,2.22589e+09,0.0338248
751,7510,2.09341e+09,0.0247649,2.22589e+09,0.0268037
752,7520,2.09341e+09,0.0211797,2.22589e+09,0.0310894
753,7530,2.09341e+09,0.00199146,2.22589e+09,0.0296185
754,7540,2.09341e+09,0.0196016,2.22589e+09,0.0359333
755,7550,2.09341e+09,0.0120031,2.22589e+09,0.0250911
756,7560,2.09341e+09,0.0133067,2.22589e+09,0.0292801
757,7570,2.09341e+09,0.00859466,2.22589e+09,0.0329842
758,7580,2.09341e+09,0.0119196,2.22589e+09,0.0388596
759,7590,2.09341e+09,0.0360129,2.21637e+09,0.0287102
760,7600,2.09341e+09,0.0117979,2.21637e+09,0.0326903
761,7610,2.09341e+09,0.00684136,2.21637e+09,0.020719
762,7620,2.09341e+09,0.00648984,2.21637e+09,0.0357836
763,7630,2.09341e+09,0.0353843,2.21637e+09,0.0384001
764,7640,2.09341e+09,0.0120211,2.21637e+09,0.0257224
765,7650,2.09341e+09,0.0296464,2.21637e+09,0.0281911
766,7660,2.09341e+09,0.00415825,2.21637e+09,0.037554
767,7670,2.09341e+09,0.0261877,2.21637e+09,0.0263051
768,7680,2.09341e+09,0.00484847,2.21637e+09,0.0274828
769,7690,2.09341e+09,0.00636163,2.21637e+09,0.0233394
770,7700,2.09341e+09,0.0133687,2.21637e+09,0.0300492
771,7710,2.09341e+09,0.0192389,2.21637e+09,0.0347937
772,7720,2.09341e+09,0.0119526,2.21637e+09,0.0275645
773,7730,2.09341e+09,0.0039114,2.21637e+09,0.0287965
774,7740,2.09341e+09,0.0138067,2.21637e+09,0.0235452
775,7750,2.09341e+09,0.00338206,2.21637e+09,0.0264233
776,7760,2.09341e+09,0.00762648,2.21637e+09,0.0281953
777,7770,2.09341e+09,0.0159353,2.21637e+09,0.0254593
778,7780,2.09341e+09,0.0109,2.21637e+09,0.0372851
779,7790,2.09341e+09,0.00758579,2.21637e+09,0.0273255
780,7800,2.09341e+09,0.00509475,2.21637e+09,0.0285821
781,7810,2.09341e+09,0.0147778,2.21637e+09,0.0269433
782,7820,2.09341e+09,0.0165776,2.21637e+09,0.0287965
783,7830,2.09341e+09,0.0124279,2.21637e+09,0.0280914
784,7840,2.09341e+09,0.00889725,2.21637e+09,0.0363347
785,7850,2.09341e+09,0.00775408,2.21637e+09,0.0238367
786,7860,2.09341e+09,0.00838072,2.21637e+09,0.0211639
787,7870,2.09341e+09,0.0104664,2.21637e+09,0.0185405
788,7880,2.09341e+09,0.00239466,2.21637e+09,0.0359893
789,7890,2.09341e+09,0.0261176,2.21637e+09,0.0336189
790,7900,2.09341e+09,0.00704437,2.21637e+09,0.0163878
791,7910,2.09341e+09,0.00507455,2.21637e+09,0.0245787
792,7920,2.09341e+09,0.0230318,2.21637e+09,0.0280569
793,7930,2.09341e+09,0.0156392,2.21637e+09,0.0285785
794,7940,2.09341e+09,0.0045308,2.21637e+09,0.0373543
795,7950,2.09341e+09,0.0133653,2.21637e+09,0.0334438
796,7960,2.09341e+09,0.00389233,2.21637e+09,0.0220574
797,7970,2.09341e+09,0.0122161,2.21637e+09,0.0202524
798,7980,2.09341e+09,0.00786938,2.21637e+09,0.0481927
799,7990,2.09341e+09,0.0050136,2.21637e+09,0.0293052
800,8000,2.09341e+09,0.0210092,2.21637e+09,0.021747
801,8010,2.09341e+09,0.0147786,2.21637e+09,0.0419327
802,8020,2.09341e+09,0.00491319,2.21637e+09,0.0331983
803,8030,2.09341e+09,0.00329893,2.21637e+09,0.0334649
804,8040,2.09341e+09,0.024881,2.21637e+09,0.016294
805,8050,2.09341e+09,0.0152501,2.21637e+09,0.0272348
806,8060,2.09341e+09,0.00896109,2.21637e+09,0.0393075
807,8070,2.09341e+09,0.014114,2.21637e+09,0.0304499
808,8080,2.09341e+09,0.00572525,2.21637e+09,0.0268465
809,8090,2.09341e+09,0.0142918,2.21637e+09,0.0280427
810,8100,2.09341e+09,0.012253,2.21637e+09,0.0450562
811,8110,2.09341e+09,0.0151085,2.21637e+09,0.0315297
812,8120,2.09341e+09,0.0154111,2.21637e+09,0.0272992
813,8130,2.09341e+09,0.0110754,2.21637e+09,0.0372578
814,8140,2.09341e+09,0.00934222,2.21637e+09,0.0421027
815,8150,2.09341e+09,0.00701285,2.21637e+09,0.0241517
816,8160,2.09341e+09,0.0165326,2.21637e+09,0.0260786
817,8170,2.09341e+09,0.0130515,2.21637e+09,0.041629
818,8180,2.09341e+09,0.0174984,2.21637e+09,0.051929
819,8190,2.09341e+09,0.00742232,2.21637e+09,0.0525987
820,8200,2.09341e+09,0.00376719,2.21637e+09,0.0352844
821,8210,2.09341e+09,0.0192169,2.21637e+09,0.0275022
822,8220,2.09341e+09,0.0141925,2.21637e+09,0.0277773
823,8230,2.09341e+09,0.0074139,2.21637e+09,0.03693
824,8240,2.09341e+09,0.00839524,2.21637e+09,0.0143905
825,8250,2.09341e+09,0.0186821,2.21637e+09,0.0312379
826,8260,2.09341e+09,0.012766,2.21637e+09,0.0470322
827,8270,2.09341e+09,0.0122186,2.21637e+09,0.034765
828,8280,2.09341e+09,0.00778822,2.21637e+09,0.02524
829,8290,2.09341e+09,0.00710801,2.21637e+09,0.0313105
830,8300,2.09341e+09,0.011039,2.21637e+09,0.0337607
831,8310,2.09341e+09,0.00778472,2.21637e+09,0.0371717
832,8320,2.09341e+09,0.0314961,2.21637e+09,0.0280355
833,8330,2.09341e+09,0.00525588,2.21637e+09,0.0300613
834,8340,2.09341e+09,0.0235506,2.21637e+09,0.0334535
835,8350,2.09341e+09,0.009002,2.21637e+09,0.0255897
836,8360,2.09341e+09,0.0149197,2.21637e+09,0.0258732
837,8370,2.09341e+09,0.00680093,2.21637e+09,0.0313974
838,8380,2.09341e+09,0.0194705,2.21637e+09,0.0311817
839,8390,2.09341e+09,0.00679989,2.21637e+09,0.0287295
840,8400,2.09341e+09,0.0124215,2.21637e+09,0.0210444
841,8410,2.09341e+09,0.00635565,2.21637e+09,0.030846
842,8420,2.09341e+09,0.00483985,2.21637e+09,0.0468702
843,8430,2.09341e+09,0.0218817,2.21637e+09,0.0308028
844,8440,2.09341e+09,0.0215885,2.21637e+09,0.0372663
845,8450,2.09341e+09,0.00811786,2.21637e+09,0.0331844
846,8460,2.09341e+09,0.0144313,2.21637e+09,0.0452366
847,8470,2.09341e+09,0.0258718,2.21637e+09,0.0461094
848,8480,2.09341e+09,0.0170352,2.21637e+09,0.0409528
849,8490,2.09341e+09,0.0119597,2.21637e+09,0.032715
850,8500,2.09341e+09,0.0137949,2.21637e+09,0.0222977
851,8510,2.09341e+09,0.0174697,2.21637e+09,0.022161
852,8520,2.09341e+09,0.00863323,2.21637e+09,0.0396055
853,8530,2.09341e+09,0.00213374,2.21637e+09,0.0365786
854,8540,2.09341e+09,0.0248461,2.21637e+09,0.0207268
855,8550,2.09341e+09,0.00222471,2.21637e+09,0.0226886
856,8560,2.09341e+09,0.0198681,2.21637e+09,0.0330386
857,8570,2.09341e+09,0.00901566,2.21637e+09,0.0320042
858,8580,2.09341e+09,0.0108714,2.21637e+09,0.0265182
859,8590,2.09341e+09,0.00455674,2.21637e+09,0.0323805
860,8600,2.09341e+09,0.0107032,2.21637e+09,0.026322
861,8610,2.09341e+09,0.00608809,2.21637e+09,0.0250564
862,8620,2.09341e+09,0.0111573,2.21637e+09,0.0292892
863,8630,2.09341e+09,0.00242194,2.21637e+09,0.0338119
864,8640,2.09341e+09,0.010685,2.21637e+09,0.0260373
865,8650,2.09341e+09,0.00805121,2.21637e+09,0.0276975
866,8660,2.09341e+09,0.00959988,2.21637e+09,0.0239734
867,8670,2.09341e+09,0.00303366,2.21637e+09,0.0307698
868,8680,2.09341e+09,0.0111105,2.21637e+09,0.0224967
869,8690,2.09341e+09,0.0139701,2.21637e+09,0.0343405
870,8700,2.09341e+09,0.00224745,2.21637e+09,0.0303105
871,8710,2.09341e+09,0.0100889,2.21637e+09,0.023218
872,8720,2.09341e+09,0.0118789,2.21637e+09,0.0283371
873,8730,2.09341e+09,0.0169607,2.21637e+09,0.0470902
874,8740,2.09341e+09,0.00637103,2.21637e+09,0.0272059
875,8750,2.09341e+09,0.00837823,2.21637e+09,0.0276955
876,8760,2.09341e+09,0.00464094,2.21637e+09,0.0393795
877,8770,2.09341e+09,0.00712385,2.21637e+09,0.0337931
878,8780,2.09341e+09,0.00485029,2.21637e+09,0.0230209
879,8790,2.09341e+09,0.0057093,2.21637e+09,0.034895
880,8800,2.09341e+09,0.0371136,2.21637e+09,0.0290522
881,8810,2.09341e+09,0.0234767,2.21637e+09,0.0360996
882,8820,2.09341e+09,0.0152745,2.21637e+09,0.0375642
883,8830,2.09341e+09,0.00563461,2.21637e+09,0.026424
884,8840,2.09341e+09,0.0180357,2.21637e+09,0.022728
885,8850,2.09341e+09,0.00271286,2.21637e+09,0.029571
886,8860,2.09341e+09,0.011,2.21637e+09,0.0452701
887,8870,2.09341e+09,0.0090566,2.21637e+09,0.0500093
888,8880,2.09341e+09,0.0235736,2.21637e+09,0.0228015
889,8890,2.09341e+09,0.00957704,2.21637e+09,0.026712
890,8900,2.09341e+09,0.00859094,2.21637e+09,0.0398883
891,8910,2.09341e+09,0.0208861,2.21637e+09,0.0407001
892,8920,2.09341e+09,0.0174501,2.21637e+09,0.0251945
893,8930,2.09341e+09,0.00467366,2.21637e+09,0.0330664
894,8940,2.09341e+09,0.00712078,2.21637e+09,0.0536617
895,8950,2.09341e+09,0.027281,2.21637e+09,0.039931
896,8960,2.09341e+09,0.0314762,2.21637e+09,0.0231935
897,8970,2.09341e+09,0.0154677,2.21637e+09,0.0302683
898,8980,2.09341e+09,0.0186141,2.21637e+09,0.0330009
899,8990,2.09341e+09,0.0228764,2.21637e+09,0.0338945
900,9000,2.09341e+09,0.00605784,2.21637e+09,0.03463
901,9010,2.09341e+09,0.034296,2.21637e+09,0.0273942
902,9020,2.09341e+09,0.0357955,2.21637e+09,0.0511389
903,9030,2.09341e+09,0.0158476,2.21637e+09,0.0381179
904,9040,2.09341e+09,0.0206147,2.21637e+09,0.026407
905,9050,2.09341e+09,0.0122121,2.21637e+09,0.0361737
906,9060,2.09341e+09,0.0209056,2.21637e+09,0.0530254
907,9070,2.09341e+09,0.00915997,2.21637e+09,0.0226831
908,9080,2.09341e+09,0.0195813,2.21637e+09,0.0228219
909,9090,2.09341e+09,0.0259157,2.21637e+09,0.054363
910,9100,2.09341e+09,0.00449458,2.21637e+09,0.0728959
911,9110,2.09341e+09,0.0182697,2.21637e+09,0.0402709
912,9120,2.09341e+09,0.00494631,2.21637e+09,0.0507651
913,9130,2.09341e+09,0.0230307,2.21637e+09,0.0522713
914,9140,2.09341e+09,0.0128633,2.21637e+09,0.0387661
915,9150,2.09341e+09,0.0185302,2.21637e+09,0.0265881
916,9160,2.09341e+09,0.0102492,2.21637e+09,0.0410221
917,9170,2.09341e+09,0.0147297,2.21637e+09,0.0232049
918,9180,2.09341e+09,0.0151953,2.21637e+09,0.0408518
919,9190,2.09341e+09,0.0168499,2.21637e+09,0.0430055
920,9200,2.09341e+09,0.00450849,2.21637e+09,0.0318803
921,9210,2.09341e+09,0.0143417,2.21637e+09,0.0291953
922,9220,2.09341e+09,0.00800299,2.21637e+09,0.0413431
923,9230,2.09341e+09,0.0425636,2.21637e+09,0.0250777
924,9240,2.09341e+09,0.00248084,2.21637e+09,0.0334657
925,9250,2.09341e+09,0.0149928,2.21637e+09,0.0379954
926,9260,2.09341e+09,0.0282243,2.21637e+09,0.0333664
927,9270,2.09341e+09,0.0256971,2.21637e+09,0.0250435
928,9280,2.09341e+09,0.00061753,2.21637e+09,0.0330978
929,9290,2.09341e+09,0.0225389,2.21637e+09,0.0341048
930,9300,2.09341e+09,0.02493,2.21637e+09,0.0538417
931,9310,2.09341e+09,0.0335983,2.21637e+09,0.0345238
932,9320,2.09341e+09,0.00718524,2.21637e+09,0.0307812
933,9330,2.09341e+09,0.0281698,2.21637e+09,0.0371733
934,9340,2.09341e+09,0.0110725,2.21637e+09,0.0601894
935,9350,2.09341e+09,0.0155501,2.21637e+09,0.0465279
936,9360,2.09341e+09,0.00793225,2.21637e+09,0.0360394
937,9370,2.09341e+09,0.0224647,2.21637e+09,0.0289272
938,9380,2.09341e+09,0.00442022,2.21637e+09,0.028852
939,9390,2.09341e+09,0.0331013,2.21637e+09,0.0311433
940,9400,2.09341e+09,0.0112806,2.21637e+09,0.04029
941,9410,2.09341e+09,0.0162695,2.21637e+09,0.0430295
942,9420,2.09341e+09,0.0092945,2.21637e+09,0.0344221
943,9430,2.09341e+09,0.00871917,2.21637e+09,0.0305422
944,9440,2.09341e+09,0.0367667,2.21637e+09,0.0313437
945,9450,2.09341e+09,0.0164835,2.21637e+09,0.0323546
946,9460,2.09341e+09,0.00347611,2.21637e+09,0.0363194
947,9470,2.09341e+09,0.0291993,2.21637e+09,0.0221102
948,9480,2.09341e+09,0.0126937,2.21637e+09,0.0281752
949,9490,2.09341e+09,0.00536799,2.21637e+09,0.0454179
950,9500,2.09341e+09,0.0327007,2.21637e+09,0.0233163
951,9510,2.09341e+09,0.0131517,2.21637e+09,0.0275492
952,9520,2.09341e+09,0.0020962,2.21637e+09,0.0329838
953,9530,2.09341e+09,0.0316307,2.21637e+09,0.0373685
954,9540,2.09341e+09,0.0111634,2.21637e+09,0.0399995
955,9550,2.09341e+09,0.00115693,2.21637e+09,0.0335317
956,9560,2.09341e+09,0.0251237,2.21637e+09,0.0285066
957,9570,2.09341e+09,0.023053,2.21637e+09,0.0545733
958,9580,2.09341e+09,0.0275081,2.21637e+09,0.0403299
959,9590,2.09341e+09,0.0131206,2.21637e+09,0.0323637
960,9600,2.09341e+09,0.00588396,2.21637e+09,0.0229966
961,9610,2.09341e+09,0.0160016,2.21637e+09,0.0280836
962,9620,2.09341e+09,0.00728495,2.21637e+09,0.0439855
963,9630,2.09341e+09,0.0247566,2.21637e+09,0.0390218
964,9640,2.09341e+09,0.00665051,2.21637e+09,0.0312193
965,9650,2.09341e+09,0.00916827,2.21637e+09,0.0232597
966,9660,2.09341e+09,0.0105376,2.21637e+09,0.0287843
967,9670,2.09341e+09,0.00734332,2.21637e+09,0.034512
968,9680,2.09341e+09,0.00327004,2.21637e+09,0.0276917
969,9690,2.09341e+09,0.0138158,2.21637e+09,0.0307279
970,9700,2.09341e+09,0.0150445,2.21637e+09,0.0288802
971,9710,2.09341e+09,0.00459641,2.21637e+09,0.0207258
972,9720,2.09341e+09,0.00667883,2.21637e+09,0.034726
973,9730,2.09341e+09,0.0134277,2.21637e+09,0.0364626
974,9740,2.09341e+09,0.00147698,2.21637e+09,0.0357092
975,9750,2.09341e+09,0.0257692,2.21637e+09,0.0302115
976,9760,2.09341e+09,0.00293633,2.21637e+09,0.0300545
977,9770,2.09341e+09,0.000665973,2.21637e+09,0.0299513
978,9780,2.09341e+09,0.0305895,2.21637e+09,0.0199601
979,9790,2.09341e+09,0.0151201,2.21637e+09,0.0259909
980,9800,2.09341e+09,0.00296424,2.21637e+09,0.0332829
981,9810,2.09341e+09,0.00924698,2.21637e+09,0.0279064
982,9820,2.09341e+09,0.0130563,2.21637e+09,0.0194347
983,9830,2.09341e+09,0.00345024,2.21637e+09,0.0155914
984,9840,2.09341e+09,0.00641294,2.21637e+09,0.0257359
985,9850,2.09341e+09,0.00748451,2.21637e+09,0.0237765
986,9860,2.09341e+09,0.00220128,2.21637e+09,0.030723
987,9870,2.09341e+09,0.00288374,2.21637e+09,0.0289845
988,9880,2.09341e+09,0.00556272,2.21637e+09,0.0294667
989,9890,2.09341e+09,0.0109893,2.21637e+09,0.0330208
990,9900,2.09341e+09,0.00533532,2.21637e+09,0.0281188
991,9910,2.09341e+09,0.0266409,2.21637e+09,0.032351
992,9920,2.09341e+09,0.023019,2.21637e+09,0.0302504
993,9930,2.09341e+09,0.0011937,2.21637e+09,0.034067
994,9940,2.09341e+09,0.0321707,2.21637e+09,0.0289914
995,9950,2.09341e+09,0.0243889,2.21637e+09,0.0307365
996,9960,2.09341e+09,0.00233647,2.21637e+09,0.0310071
997,9970,2.09341e+09,0.0241181,2.21637e+09,0.0266343
998,9980,2.09341e+09,0.00260614,2.21637e+09,0.0271369
999,9990,2.09341e+09,0.0192889,2.21637e+09,0.0250662
1000,10000,2.09341e+09,0.0091226,2.21637e+09,0.0216173
